Tare done...
Scale, 6157, 0, 0.00
Scale, 6257, 0, 0.00
Scale, 6357, 0, 0.00
Scale, 6457, 0, 0.00
Scale, 6557, 0, 0.00
Scale, 6657, 0, 0.00
Scale, 6757, 0, 0.00
Scale, 6857, 0, 0.00
Scale, 6957, 0, 0.00
Scale, 7057, 0, 0.00
Scale, 7157, 0, 0.00
Scale, 7257, 0, 0.00
Scale, 7357, 0, 0.00
Scale, 7457, 0, 0.00
Scale, 7557, 0, 0.00
Scale, 7657, 0, 0.00
Scale, 7757, 0, 0.00
Scale, 7857, 0, 0.00
Scale, 7957, 0, 0.00
Scale, 8057, 0, 0.00
Scale, 8157, 0, 0.00
Scale, 8257, 0, 0.00
Scale, 8357, 0, 0.00
Scale, 8457, 0, 0.00
Scale, 8557, 0, 0.00
Scale, 8657, 0, 0.00
Scale, 8757, 0, 0.00
Scale, 8857, 0, 0.00
Scale, 8957, 0, 0.00
Scale, 9057, 0, 0.00
Scale, 9157, 0, 0.00
Scale, 9257, 0, 0.00
Scale, 9357, 0, 0.00
Scale, 9457, 0, 0.00
Scale, 9557, 0, 0.00
Scale, 9657, 0, 0.00
Scale, 9757, 0, 0.00
Scale, 9857, 0, 0.00
Scale, 9957, 0, 0.00
Scale, 10057, 0, 0.00
Scale, 10157, 0, 0.00
Scale, 10257, 0, 0.00
Scale, 10357, 0, 0.00
Scale, 10457, 0, 0.00
Scale, 10557, 0, 0.00
Scale, 10657, 0, 0.00
Scale, 10757, 0, 0.00
Scale, 10857, 0, 0.00
Scale, 10957, 0, 0.00
Scale, 11057, 0, 0.00
Scale, 11157, 0, 0.00
Scale, 11257, 0, 0.00
Scale, 11357, 0, 0.00
Scale, 11457, 0, 0.00
Scale, 11557, 0, 0.00
Scale, 11657, 0, 0.00
Scale, 11757, 0, 0.00
Scale, 11857, 0, 0.00
Scale, 11957, 0, 0.00
Scale, 12057, 0, 0.00
Scale, 12157, 0, 0.00
Scale, 12257, 0, 0.00
Scale, 12357, 0, 0.00
Scale, 12457, 0, 0.00
Scale, 12557, 0, 0.00
Scale, 12657, 0, 0.00
Scale, 12757, 0, 0.00
Scale, 12857, 0, 0.00
Scale, 12957, 0, 0.00
Scale, 13057, 0, 0.00
Scale, 13157, 0, 0.00
Scale, 13257, 0, 0.00
Scale, 13357, 0, 0.00
Scale, 13457, 0, 0.00
Scale, 13557, 0, 0.00
Scale, 13657, 0, 0.00
Scale, 13757, 0, 0.00
Scale, 13857, 0, 0.00
Scale, 13957, 0, 0.00
Scale, 14057, 0, 0.00
Scale, 14157, 0, 0.00
Scale, 14257, 0, 0.00
Scale, 14357, 0, 0.00
Scale, 14457, 0, 0.00
Scale, 14557, 0, 0.00
Scale, 14657, 0, 0.00
Scale, 14757, 0, 0.00
Scale, 14857, 0, 0.00
Scale, 14957, 0, 0.00
Scale, 15057, 0, 0.00
Scale, 15157, 0, 0.00
Scale, 15257, 0, 0.00
Scale, 15357, 0, 0.00
Scale, 15457, 0, 0.00
Scale, 15557, 0, 0.00
Scale, 15657, 0, 0.00
Scale, 15757, 0, 0.00
Scale, 15857, 0, 0.00
Scale, 15957, 0, 0.00
Scale, 16057, 0, 0.00
Scale, 16157, 0, 0.00
Scale, 16257, 0, 0.00
Scale, 16357, 0, 0.00
Scale, 16457, 0, 0.00
Scale, 16557, 0, 0.00
Scale, 16657, 0, 0.00
Scale, 16757, 0, 0.00
Scale, 16857, 0, 0.00
Scale, 16957, 0, 0.00
Scale, 17057, 0, 0.00
Scale, 17157, 0, 0.00
Scale, 17257, 0, 0.00
Scale, 17357, 0, 0.00
Scale, 17457, 0, 0.00
Scale, 17557, 0, 0.00
Scale, 17657, 0, 0.00
Scale, 17757, 0, 0.00
Scale, 17857, 0, 0.00
Scale, 17957, 0, 0.00
Scale, 18057, 0, 0.00
Scale, 18157, 0, 0.00
Scale, 18257, 0, 0.00
Scale, 18357, 0, 0.00
Scale, 18457, 0, 0.00
Scale, 18557, 0, 0.00
Scale, 18657, 0, 0.00
Scale, 18757, 0, 0.00
Scale, 18857, 0, 0.00
Scale, 18957, 0, 0.00
Scale, 19057, 0, 0.00
Scale, 19157, 0, 0.00
Scale, 19257, 0, 0.00
Scale, 19357, 0, 0.00
Scale, 19457, 0, 0.00
Scale, 19557, 0, 0.00
Scale, 19657, 0, 0.00
Scale, 19757, 0, 0.00
Scale, 19857, 0, 0.00
Scale, 19957, 0, 0.00
Scale, 20057, 0, 0.00
Scale, 20157, 0, 0.00
Scale, 20257, 0, 0.00
Scale, 20357, 0, 0.00
Scale, 20457, 0, 0.00
Scale, 20557, 0, 0.00
Scale, 20657, 0, 0.00
Scale, 20757, 0, 0.00
Scale, 20857, 0, 0.00
Scale, 20957, 0, 0.00
Scale, 21057, 0, 0.00
Scale, 21157, 0, 0.00
Scale, 21257, 0, 0.00
Scale, 21357, 0, 0.00
Scale, 21457, 0, 0.00
Scale, 21557, 0, 0.00
Scale, 21657, 0, 0.00
Scale, 21757, 0, 0.00
Scale, 21857, 0, 0.00
Scale, 21957, 0, 0.00
Scale, 22057, 0, 0.00
Scale, 22157, 0, 0.00
Scale, 22257, 0, 0.00
Scale, 22357, 0, 0.00
Scale, 22457, 0, 0.00
Scale, 22557, 0, 0.00
Scale, 22657, 0, 0.00
Scale, 22757, 3, 0.31
Scale, 22857, 6, 0.61
Scale, 22957, 11, 1.12
Scale, 23057, 24, 2.45
Encoder, 23051, 1
Scale, 23158, 45, 4.59
Scale, 23258, 91, 9.28
Encoder, 23239, 3
Scale, 23358, 90, 9.17
Encoder, 23304, 4
Scale, 23458, 71, 7.24
Encoder, 23420, 6
Scale, 23558, 55, 5.61
Encoder, 23524, 8
Scale, 23658, 46, 4.69
Encoder, 23624, 10
Scale, 23758, 27, 2.75
Encoder, 23720, 12
Scale, 23858, 22, 2.24
Encoder, 23815, 14
Scale, 23958, 18, 1.83
Encoder, 23958, 17
Scale, 24058, 16, 1.63
Encoder, 24053, 19
Scale, 24158, 16, 1.63
Encoder, 24148, 21
Scale, 24258, 17, 1.73
Encoder, 24243, 23
Scale, 24358, 18, 1.83
Encoder, 24336, 25
Scale, 24458, 20, 2.04
Encoder, 24427, 27
Scale, 24558, 24, 2.45
Encoder, 24515, 29
Scale, 24658, 27, 2.75
Encoder, 24644, 32
Scale, 24758, 25, 2.55
Encoder, 24728, 34
Scale, 24858, 25, 2.55
Encoder, 24851, 37
Scale, 24958, 26, 2.65
Encoder, 24933, 39
Scale, 25058, 25, 2.55
Encoder, 25051, 42
Scale, 25158, 26, 2.65
Encoder, 25128, 44
Scale, 25258, 26, 2.65
Encoder, 25241, 47
Scale, 25358, 30, 3.06
Encoder, 25350, 50
Scale, 25458, 31, 3.16
Encoder, 25456, 53
Scale, 25558, 30, 3.06
Encoder, 25526, 55
Scale, 25658, 31, 3.16
Encoder, 25629, 58
Scale, 25758, 27, 2.75
Encoder, 25728, 61
Scale, 25858, 27, 2.75
Encoder, 25858, 65
Scale, 25958, 30, 3.06
Encoder, 25953, 68
Scale, 26058, 31, 3.16
Encoder, 26045, 71
Scale, 26158, 46, 4.69
Encoder, 26133, 74
Scale, 26258, 57, 5.81
Encoder, 26242, 78
Scale, 26358, 66, 6.73
Encoder, 26344, 82
Scale, 26458, 61, 6.22
Encoder, 26445, 86
Scale, 26558, 45, 4.59
Encoder, 26545, 90
Scale, 26658, 22, 2.24
Encoder, 26645, 94
Scale, 26758, 18, 1.83
Encoder, 26745, 98
Scale, 26858, 16, 1.63
Encoder, 26846, 102
Scale, 26958, 15, 1.53
Encoder, 26949, 106
Scale, 27058, 15, 1.53
Encoder, 27052, 110
Scale, 27158, 16, 1.63
Encoder, 27155, 114
Scale, 27258, 17, 1.73
Encoder, 27233, 117
Scale, 27358, 19, 1.94
Encoder, 27337, 121
Scale, 27458, 21, 2.14
Encoder, 27439, 125
Scale, 27558, 24, 2.45
Encoder, 27540, 129
Scale, 27658, 37, 3.77
Encoder, 27638, 133
Scale, 27758, 45, 4.59
Encoder, 27757, 138
Scale, 27858, 45, 4.59
Encoder, 27849, 142
Scale, 27958, 45, 4.59
Encoder, 27938, 146
Scale, 28058, 42, 4.28
Encoder, 28048, 151
Scale, 28158, 42, 4.28
Encoder, 28156, 156
Scale, 28258, 41, 4.18
Encoder, 28240, 160
Scale, 28358, 37, 3.77
Encoder, 28344, 165
Scale, 28458, 32, 3.26
Encoder, 28449, 170
Scale, 28558, 27, 2.75
Encoder, 28553, 175
Scale, 28658, 25, 2.55
Encoder, 28656, 180
Scale, 28758, 25, 2.55
Encoder, 28739, 184
Scale, 28858, 27, 2.75
Encoder, 28842, 189
Scale, 28958, 32, 3.26
Encoder, 28942, 194
Scale, 29058, 35, 3.57
Encoder, 29042, 199
Scale, 29158, 41, 4.18
Encoder, 29139, 204
Scale, 29258, 45, 4.59
Encoder, 29253, 210
Scale, 29358, 47, 4.79
Encoder, 29345, 215
Scale, 29458, 53, 5.40
Encoder, 29452, 221
Scale, 29558, 61, 6.22
Encoder, 29555, 227
Scale, 29658, 65, 6.63
Encoder, 29655, 233
Scale, 29758, 61, 6.22
Encoder, 29753, 239
Scale, 29858, 54, 5.50
Encoder, 29849, 245
Scale, 29958, 49, 4.99
Encoder, 29945, 251
Scale, 30058, 37, 3.77
Encoder, 30056, 258
Scale, 30158, 31, 3.16
Encoder, 30152, 264
Scale, 30258, 29, 2.96
Encoder, 30247, 270
Scale, 30358, 28, 2.85
Encoder, 30358, 277
Scale, 30458, 28, 2.85
Encoder, 30454, 283
Scale, 30558, 23, 2.34
Encoder, 30550, 289
Scale, 30658, 22, 2.24
Encoder, 30646, 295
Scale, 30758, 21, 2.14
Encoder, 30743, 301
Scale, 30858, 18, 1.83
Encoder, 30857, 308
Scale, 30958, 16, 1.63
Encoder, 30957, 314
Scale, 31058, 14, 1.43
Encoder, 31057, 320
Scale, 31158, 12, 1.22
Encoder, 31141, 326
Scale, 31258, 13, 1.33
Encoder, 31244, 332
Scale, 31358, 14, 1.43
Encoder, 31348, 338
Scale, 31458, 14, 1.43
Encoder, 31452, 344
Scale, 31558, 17, 1.73
Encoder, 31558, 350
Scale, 31658, 17, 1.73
Encoder, 31646, 355
Scale, 31758, 18, 1.83
Encoder, 31753, 361
Scale, 31858, 21, 2.14
Encoder, 31841, 366
Scale, 31958, 23, 2.34
Encoder, 31948, 372
Scale, 32058, 25, 2.55
Encoder, 32055, 378
Scale, 32158, 26, 2.65
Encoder, 32144, 383
Scale, 32258, 26, 2.65
Encoder, 32250, 389
Scale, 32358, 25, 2.55
Encoder, 32358, 395
Scale, 32458, 26, 2.65
Encoder, 32447, 400
Scale, 32558, 20, 2.04
Encoder, 32554, 406
Scale, 32658, 18, 1.83
Encoder, 32645, 411
Scale, 32758, 19, 1.94
Encoder, 32755, 417
Scale, 32858, 17, 1.73
Encoder, 32846, 422
Scale, 32958, 16, 1.63
Encoder, 32958, 428
Scale, 33058, 19, 1.94
Encoder, 33051, 433
Scale, 33158, 21, 2.14
Encoder, 33144, 438
Scale, 33258, 22, 2.24
Encoder, 33256, 444
Scale, 33358, 24, 2.45
Encoder, 33349, 449
Scale, 33458, 24, 2.45
Encoder, 33442, 454
Scale, 33558, 28, 2.85
Encoder, 33554, 460
Scale, 33658, 29, 2.96
Encoder, 33646, 465
Scale, 33758, 28, 2.85
Encoder, 33756, 471
Scale, 33858, 28, 2.85
Encoder, 33848, 476
Scale, 33958, 29, 2.96
Encoder, 33957, 482
Scale, 34058, 25, 2.55
Encoder, 34049, 487
Scale, 34158, 26, 2.65
Encoder, 34141, 492
Scale, 34258, 27, 2.75
Encoder, 34249, 498
Scale, 34358, 29, 2.96
Encoder, 34358, 504
Scale, 34458, 31, 3.16
Encoder, 34449, 509
Scale, 34558, 25, 2.55
Encoder, 34557, 515
Scale, 34658, 24, 2.45
Encoder, 34648, 520
Scale, 34758, 27, 2.75
Encoder, 34757, 526
Scale, 34858, 27, 2.75
Encoder, 34847, 531
Scale, 34958, 26, 2.65
Encoder, 34956, 537
Scale, 35058, 25, 2.55
Encoder, 35047, 542
Scale, 35158, 24, 2.45
Encoder, 35155, 548
Scale, 35258, 22, 2.24
Encoder, 35247, 553
Scale, 35358, 23, 2.34
Encoder, 35357, 559
Scale, 35458, 22, 2.24
Encoder, 35448, 564
Scale, 35558, 21, 2.14
Encoder, 35541, 569
Scale, 35658, 19, 1.94
Encoder, 35652, 575
Scale, 35758, 20, 2.04
Encoder, 35745, 580
Scale, 35858, 19, 1.94
Encoder, 35858, 586
Scale, 35958, 20, 2.04
Encoder, 35952, 591
Scale, 36058, 20, 2.04
Encoder, 36046, 596
Scale, 36158, 20, 2.04
Encoder, 36142, 601
Scale, 36258, 23, 2.34
Encoder, 36256, 607
Scale, 36358, 25, 2.55
Encoder, 36350, 612
Scale, 36458, 26, 2.65
Encoder, 36445, 617
Scale, 36558, 29, 2.96
Encoder, 36558, 623
Scale, 36658, 29, 2.96
Encoder, 36651, 628
Scale, 36758, 29, 2.96
Encoder, 36744, 633
Scale, 36858, 31, 3.16
Encoder, 36855, 639
Scale, 36958, 31, 3.16
Encoder, 36947, 644
Scale, 37058, 31, 3.16
Encoder, 37057, 650
Scale, 37158, 32, 3.26
Encoder, 37148, 655
Scale, 37258, 30, 3.06
Encoder, 37256, 661
Scale, 37358, 29, 2.96
Encoder, 37347, 666
Scale, 37458, 31, 3.16
Encoder, 37455, 672
Scale, 37558, 29, 2.96
Encoder, 37544, 677
Scale, 37658, 31, 3.16
Encoder, 37651, 683
Scale, 37758, 32, 3.26
Encoder, 37758, 689
Scale, 37858, 28, 2.85
Encoder, 37847, 695
Scale, 37958, 28, 2.85
Encoder, 37954, 701
Scale, 38058, 29, 2.96
Encoder, 38042, 706
Scale, 38158, 26, 2.65
Encoder, 38149, 712
Scale, 38258, 25, 2.55
Encoder, 38256, 718
Scale, 38358, 24, 2.45
Encoder, 38345, 723
Scale, 38458, 24, 2.45
Encoder, 38453, 729
Scale, 38558, 26, 2.65
Encoder, 38543, 734
Scale, 38658, 25, 2.55
Encoder, 38650, 740
Scale, 38758, 26, 2.65
Encoder, 38758, 746
Scale, 38858, 26, 2.65
Encoder, 38848, 751
Scale, 38958, 21, 2.14
Encoder, 38956, 757
Scale, 39058, 20, 2.04
Encoder, 39048, 762
Scale, 39158, 21, 2.14
Encoder, 39158, 768
Scale, 39258, 19, 1.94
Encoder, 39249, 773
Scale, 39358, 18, 1.83
Encoder, 39343, 778
Scale, 39458, 20, 2.04
Encoder, 39455, 784
Scale, 39558, 18, 1.83
Encoder, 39548, 789
Scale, 39658, 16, 1.63
Encoder, 39644, 794
Scale, 39758, 17, 1.73
Encoder, 39740, 799
Scale, 39858, 17, 1.73
Encoder, 39855, 805
Scale, 39958, 19, 1.94
Encoder, 39952, 810
Scale, 40058, 21, 2.14
Encoder, 40049, 815
Scale, 40158, 21, 2.14
Encoder, 40146, 820
Scale, 40258, 21, 2.14
Encoder, 40243, 825
Scale, 40358, 24, 2.45
Encoder, 40341, 830
Scale, 40458, 24, 2.45
Encoder, 40458, 836
Scale, 40558, 22, 2.24
Encoder, 40556, 841
Scale, 40658, 21, 2.14
Encoder, 40654, 846
Scale, 40758, 25, 2.55
Encoder, 40751, 851
Scale, 40858, 26, 2.65
Encoder, 40849, 856
Scale, 40958, 25, 2.55
Encoder, 40947, 861
Scale, 41058, 24, 2.45
Encoder, 41044, 866
Scale, 41158, 25, 2.55
Encoder, 41142, 871
Scale, 41258, 25, 2.55
Encoder, 41241, 876
Scale, 41358, 24, 2.45
Encoder, 41358, 882
Scale, 41458, 23, 2.34
Encoder, 41456, 887
Scale, 41558, 24, 2.45
Encoder, 41555, 892
Scale, 41658, 23, 2.34
Encoder, 41654, 897
Scale, 41758, 20, 2.04
Encoder, 41753, 902
Scale, 41858, 19, 1.94
Encoder, 41854, 907
Scale, 41958, 19, 1.94
Encoder, 41955, 912
Scale, 42058, 17, 1.73
Encoder, 42057, 917
Scale, 42158, 16, 1.63
Encoder, 42140, 921
Scale, 42258, 14, 1.43
Encoder, 42244, 926
Scale, 42358, 12, 1.22
Encoder, 42350, 931
Scale, 42458, 10, 1.02
Encoder, 42457, 936
Scale, 42558, 10, 1.02
Encoder, 42545, 940
Scale, 42658, 9, 0.92
Encoder, 42656, 945
Scale, 42758, 9, 0.92
Encoder, 42745, 949
Scale, 42858, 9, 0.92
Encoder, 42837, 953
Scale, 42958, 9, 0.92
Encoder, 42953, 958
Scale, 43058, 7, 0.71
Encoder, 43048, 962
Scale, 43158, 6, 0.61
Encoder, 43143, 966
Scale, 43258, 6, 0.61
Encoder, 43242, 970
Scale, 43358, 7, 0.71
Encoder, 43341, 974
Scale, 43458, 8, 0.82
Encoder, 43442, 978
Scale, 43558, 8, 0.82
Encoder, 43544, 982
Scale, 43658, 9, 0.92
Encoder, 43649, 986
Scale, 43758, 10, 1.02
Encoder, 43754, 990
Scale, 43858, 13, 1.33
Encoder, 43833, 993
Scale, 43958, 13, 1.33
Encoder, 43939, 997
Scale, 44058, 14, 1.43
Encoder, 44047, 1001
Scale, 44158, 15, 1.53
Encoder, 44156, 1005
Scale, 44258, 15, 1.53
Encoder, 44238, 1008
Scale, 44358, 16, 1.63
Encoder, 44347, 1012
Scale, 44458, 16, 1.63
Encoder, 44457, 1016
Scale, 44558, 15, 1.53
Encoder, 44541, 1019
Scale, 44658, 15, 1.53
Encoder, 44653, 1023
Scale, 44758, 16, 1.63
Encoder, 44737, 1026
Scale, 44858, 15, 1.53
Encoder, 44849, 1030
Scale, 44958, 15, 1.53
Encoder, 44936, 1033
Scale, 45058, 14, 1.43
Encoder, 45051, 1037
Scale, 45158, 14, 1.43
Encoder, 45138, 1040
Scale, 45258, 12, 1.22
Encoder, 45255, 1044
Scale, 45358, 12, 1.22
Encoder, 45344, 1047
Scale, 45458, 12, 1.22
Encoder, 45435, 1050
Scale, 45558, 13, 1.33
Encoder, 45556, 1054
Scale, 45658, 13, 1.33
Encoder, 45648, 1057
Scale, 45758, 12, 1.22
Encoder, 45740, 1060
Scale, 45858, 13, 1.33
Encoder, 45834, 1063
Scale, 45958, 12, 1.22
Encoder, 45929, 1066
Scale, 46058, 11, 1.12
Encoder, 46058, 1070
Scale, 46158, 10, 1.02
Encoder, 46156, 1073
Scale, 46258, 9, 0.92
Encoder, 46255, 1076
Scale, 46358, 8, 0.82
Encoder, 46356, 1079
Scale, 46458, 8, 0.82
Encoder, 46425, 1081
Scale, 46558, 7, 0.71
Encoder, 46531, 1084
Scale, 46658, 7, 0.71
Encoder, 46637, 1087
Scale, 46758, 6, 0.61
Encoder, 46747, 1090
Scale, 46858, 6, 0.61
Encoder, 46821, 1092
Scale, 46958, 5, 0.51
Encoder, 46935, 1095
Scale, 47058, 6, 0.61
Encoder, 47054, 1098
Scale, 47158, 5, 0.51
Encoder, 47135, 1100
Scale, 47258, 5, 0.51
Encoder, 47258, 1103
Scale, 47358, 5, 0.51
Encoder, 47342, 1105
Scale, 47458, 5, 0.51
Encoder, 47428, 1107
Scale, 47558, 5, 0.51
Encoder, 47516, 1109
Scale, 47658, 5, 0.51
Encoder, 47653, 1112
Scale, 47758, 4, 0.41
Encoder, 47748, 1114
Scale, 47858, 4, 0.41
Encoder, 47844, 1116
Scale, 47958, 3, 0.31
Encoder, 47943, 1118
Scale, 48058, 3, 0.31
Encoder, 48046, 1120
Scale, 48158, 2, 0.20
Encoder, 48153, 1122
Scale, 48258, 1, 0.10
Encoder, 48208, 1123
Scale, 48358, 1, 0.10
Encoder, 48321, 1125
Scale, 48458, 1, 0.10
Encoder, 48441, 1127
Scale, 48558, 1, 0.10
Encoder, 48503, 1128
Scale, 48658, 1, 0.10
Encoder, 48633, 1130
Scale, 48758, 0, 0.00
Encoder, 48700, 1131
Scale, 48858, 0, 0.00
Encoder, 48841, 1133
Scale, 48958, 0, 0.00
Encoder, 48915, 1134
Scale, 49058, 0, 0.00
Encoder, 48992, 1135
Scale, 49158, 0, 0.00
Encoder, 49156, 1137
Scale, 49258, 1, 0.10
Encoder, 49243, 1138
Scale, 49358, 2, 0.20
Encoder, 49333, 1139
Scale, 49458, 2, 0.20
Encoder, 49428, 1140
Scale, 49558, 1, 0.10
Encoder, 49528, 1141
Scale, 49658, 0, 0.00
Encoder, 49635, 1142
Scale, 49758, 0, 0.00
Encoder, 49750, 1143
Scale, 49858, 0, 0.00
Scale, 49958, 0, 0.00
Encoder, 49874, 1144
Scale, 50058, 0, 0.00
Encoder, 50009, 1145
Scale, 50158, 0, 0.00
Encoder, 50156, 1146
Scale, 50258, 0, 0.00
Scale, 50358, 0, 0.00
Encoder, 50320, 1147
Scale, 50458, 0, 0.00
Scale, 50558, 1, 0.10
Encoder, 50503, 1148
Scale, 50658, 1, 0.10
Scale, 50758, 1, 0.10
Encoder, 50712, 1149
Scale, 50858, 2, 0.20
Scale, 50958, 3, 0.31
Encoder, 50953, 1150
Scale, 51058, 3, 0.31
Scale, 51158, 4, 0.41
Scale, 51258, 5, 0.51
Encoder, 51224, 1151
Scale, 51358, 6, 0.61
Scale, 51458, 6, 0.61
Scale, 51558, 7, 0.71
Encoder, 51510, 1152
Scale, 51658, 9, 0.92
Scale, 51758, 10, 1.02
Scale, 51858, 11, 1.12
Encoder, 51781, 1153
Scale, 51958, 11, 1.12
Scale, 52058, 9, 0.92
Encoder, 52036, 1154
Scale, 52158, 6, 0.61
Scale, 52258, 5, 0.51
Scale, 52358, 5, 0.51
Encoder, 52310, 1155
Scale, 52458, 4, 0.41
Scale, 52558, 4, 0.41
Scale, 52658, 3, 0.31
Encoder, 52617, 1156
Scale, 52758, 2, 0.20
Scale, 52858, 2, 0.20
Scale, 52958, 1, 0.10
Scale, 53058, 1, 0.10
Encoder, 53014, 1157
Scale, 53158, 0, 0.00
Scale, 53258, 0, 0.00
Scale, 53358, 0, 0.00
Scale, 53458, 0, 0.00
Scale, 53558, 0, 0.00
Scale, 53658, 0, 0.00
Scale, 53758, 0, 0.00
Scale, 53858, 0, 0.00
Scale, 53958, 0, 0.00
Scale, 54058, 0, 0.00
Scale, 54158, 1, 0.10
Scale, 54258, 2, 0.20
Scale, 54358, 1, 0.10
Scale, 54458, 1, 0.10
Scale, 54558, 2, 0.20
Scale, 54658, 2, 0.20
Scale, 54758, 2, 0.20
Scale, 54858, 2, 0.20
Scale, 54958, 2, 0.20
Scale, 55058, 2, 0.20
Scale, 55158, 2, 0.20
Scale, 55258, 3, 0.31
Scale, 55358, 3, 0.31
Scale, 55458, 3, 0.31
Scale, 55558, 3, 0.31
Scale, 55658, 3, 0.31
Scale, 55758, 3, 0.31
Scale, 55858, 3, 0.31
Scale, 55958, 3, 0.31
Scale, 56058, 2, 0.20
Scale, 56158, 2, 0.20
Scale, 56258, 3, 0.31
Scale, 56358, 3, 0.31
Scale, 56458, 3, 0.31
Scale, 56558, 2, 0.20
Scale, 56658, 2, 0.20
Scale, 56758, 1, 0.10
Scale, 56858, 1, 0.10
Scale, 56958, 2, 0.20
Scale, 57058, 7, 0.71
Scale, 57158, 9, 0.92
Scale, 57258, 13, 1.33
Scale, 57358, 18, 1.83
Scale, 57458, 25, 2.55
Scale, 57558, 46, 4.69
Scale, 57658, 57, 5.81
Scale, 57758, 69, 7.03
Scale, 57858, 84, 8.56
Scale, 57958, 103, 10.50
Scale, 58058, 136, 13.86
Scale, 58158, 141, 14.37
Scale, 58258, 139, 14.17
Encoder, 58190, 1159
Scale, 58358, 137, 13.97
Scale, 58458, 133, 13.56
Scale, 58558, 119, 12.13
Scale, 58658, 125, 12.74
Scale, 58758, 127, 12.95
Scale, 58858, 135, 13.76
Scale, 58958, 139, 14.17
Encoder, 58904, 1162
Scale, 59058, 148, 15.09
Scale, 59158, 160, 16.31
Scale, 59258, 164, 16.72
Scale, 59358, 164, 16.72
Scale, 59458, 163, 16.62
Scale, 59558, 157, 16.00
Scale, 59658, 163, 16.62
Scale, 59758, 172, 17.53
Scale, 59858, 178, 18.14
Scale, 59958, 191, 19.47
Scale, 60058, 203, 20.69
Scale, 60158, 211, 21.51
Scale, 60258, 210, 21.41
Scale, 60358, 207, 21.10
Scale, 60458, 205, 20.90
Scale, 60558, 204, 20.80
Scale, 60658, 200, 20.39
Scale, 60758, 196, 19.98
Scale, 60858, 193, 19.67
Scale, 60958, 177, 18.04
Scale, 61058, 168, 17.13
Scale, 61158, 161, 16.41
Scale, 61258, 155, 15.80
Scale, 61358, 149, 15.19
Scale, 61458, 134, 13.66
Scale, 61558, 129, 13.15
Scale, 61658, 127, 12.95
Scale, 61758, 127, 12.95
Scale, 61858, 128, 13.05
Scale, 61958, 141, 14.37
Scale, 62058, 143, 14.58
Scale, 62158, 145, 14.78
Scale, 62258, 145, 14.78
Scale, 62358, 142, 14.48
Scale, 62458, 140, 14.27
Scale, 62558, 140, 14.27
Scale, 62658, 144, 14.68
Scale, 62758, 149, 15.19
Scale, 62858, 153, 15.60
Encoder, 62795, 1163
Scale, 62958, 172, 17.53
Scale, 63058, 184, 18.76
Scale, 63158, 192, 19.57
Scale, 63258, 199, 20.29
Scale, 63358, 205, 20.90
Encoder, 63356, 1164
Scale, 63458, 205, 20.90
Encoder, 63411, 1165
Scale, 63558, 206, 21.00
Scale, 63658, 216, 22.02
Encoder, 63587, 1166
Scale, 63758, 226, 23.04
Encoder, 63674, 1167
Scale, 63858, 226, 23.04
Scale, 63958, 206, 21.00
Encoder, 63864, 1168
Scale, 64058, 197, 20.08
Encoder, 64035, 1169
Scale, 64158, 195, 19.88
Scale, 64258, 200, 20.39
Encoder, 64186, 1170
Scale, 64358, 199, 20.29
Scale, 64458, 183, 18.65
Encoder, 64370, 1171
Scale, 64558, 179, 18.25
Encoder, 64480, 1172
Scale, 64658, 196, 19.98
Encoder, 64646, 1174
Scale, 64758, 228, 23.24
Encoder, 64735, 1175
Scale, 64858, 282, 28.75
Encoder, 64835, 1176
Scale, 64958, 286, 29.15
Encoder, 64943, 1177
Scale, 65058, 272, 27.73
Encoder, 65032, 1178
Scale, 65158, 251, 25.59
Encoder, 65103, 1179
Scale, 65258, 246, 25.08
Encoder, 65220, 1181
Scale, 65358, 294, 29.97
Encoder, 65341, 1184
Scale, 65458, 303, 30.89
Encoder, 65405, 1185
Scale, 65558, 289, 29.46
Encoder, 65527, 1187
Scale, 65658, 260, 26.50
Encoder, 65635, 1189
Scale, 65758, 231, 23.55
Encoder, 65726, 1191
Scale, 65858, 226, 23.04
Encoder, 65849, 1194
Scale, 65958, 256, 26.10
Encoder, 65931, 1196
Scale, 66058, 286, 29.15
Encoder, 66054, 1199
Scale, 66158, 296, 30.17
Encoder, 66133, 1201
Scale, 66258, 289, 29.46
Encoder, 66246, 1204
Scale, 66358, 262, 26.71
Encoder, 66345, 1207
Scale, 66458, 267, 27.22
Encoder, 66437, 1210
Scale, 66558, 291, 29.66
Encoder, 66557, 1214
Scale, 66658, 319, 32.52
Encoder, 66647, 1217
cale, 66758, 339, 34.56
Encoder, 66740, 1220
Scale, 66858, 311, 31.70
Encoder, 66833, 1223
Scale, 66958, 275, 28.03
Encoder, 66947, 1227
cale, 67058, 243, 24.77
Encoder, 67041, 1231
cale, 67158, 234, 23.85
Encoder, 67154, 1236
cale, 67258, 263, 26.81
Encoder, 67246, 1240
cale, 67358, 331, 33.74
Encoder, 67337, 1244
cale, 67458, 347, 35.37
Encoder, 67450, 1249
Scale, 67558, 343, 34.96
Encoder, 67539, 1253
Scale, 67658, 321, 32.72
Encoder, 67649, 1258
cale, 67758, 297, 30.28
Encoder, 67738, 1262
Scale, 67858, 249, 25.38
Encoder, 67846, 1267
Scale, 67958, 223, 22.73
Encoder, 67953, 1272
cale, 68058, 202, 20.59
Encoder, 68058, 1277
cale, 68158, 188, 19.16
Encoder, 68140, 1281
cale, 68258, 179, 18.25
Encoder, 68240, 1286
cale, 68358, 172, 17.53
Encoder, 68339, 1291
cale, 68458, 170, 17.33
Encoder, 68439, 1296
cale, 68558, 170, 17.33
Encoder, 68539, 1301
cale, 68658, 168, 17.13
Encoder, 68639, 1306
Scale, 68758, 164, 16.72
Encoder, 68742, 1311
Scale, 68858, 149, 15.19
Encoder, 68844, 1316
Scale, 68958, 140, 14.27
Encoder, 68947, 1321
Scale, 69058, 130, 13.25
Encoder, 69052, 1326
Scale, 69158, 120, 12.23
Encoder, 69158, 1331
Scale, 69258, 109, 11.11
Encoder, 69243, 1335
cale, 69358, 98, 9.99
Encoder, 69350, 1340
cale, 69458, 92, 9.38
Encoder, 69456, 1345
Scale, 69558, 90, 9.17
Encoder, 69542, 1349
cale, 69658, 89, 9.07
Encoder, 69649, 1354
cale, 69758, 89, 9.07
Encoder, 69757, 1359
Scale, 69858, 88, 8.97
Encoder, 69843, 1363
cale, 69958, 87, 8.87
Encoder, 69952, 1368
cale, 70058, 83, 8.46
Encoder, 70040, 1372
cale, 70158, 84, 8.56
Encoder, 70150, 1377
cale, 70258, 95, 9.68
Encoder, 70237, 1381
cale, 70358, 107, 10.91
Encoder, 70349, 1386
cale, 70458, 123, 12.54
Encoder, 70439, 1390
cale, 70558, 134, 13.66
Encoder, 70552, 1395
Scale, 70658, 137, 13.97
Encoder, 70644, 1399
Scale, 70758, 117, 11.93
Encoder, 70737, 1403
Scale, 70858, 116, 11.82
Encoder, 70857, 1408
Scale, 70958, 114, 11.62
Encoder, 70957, 1412
cale3, 10.50
Encoder, 71057, 1416
cale, 71158, 91, 9.28
Encoder, 71152, 1420
cale, 71258, 110, 11.21
Encoder, 71246, 1424
Scale, 71358, 127, 12.95
Encoder, 71338, 1428
Scale, 71458, 149, 15.19
Encoder, 71455, 1433
Scale, 71558, 169, 17.23
Encoder, 71550, 1437
Scale, 71658, 167, 17.02
Encoder, 71643, 1441
Scale, 71758, 151, 15.39
Encoder, 71758, 1446
cale, 71858, 160, 16.31
Encoder, 71849, 1450
Scale, 71958, 160, 16.31
Encoder, 71943, 1454
Scale, 72058, 165, 16.82
Encoder, 72038, 1458
Scale, 72158, 182, 18.55
Encoder, 72134, 1462
Scale, 72258, 190, 19.37
Encoder, 72239, 1466
Scale, 72358, 161, 16.41
Encoder, 72341, 1470
Scale, 72458, 133, 13.56
Encoder, 72438, 1474
Scale, 72558, 131, 13.35
Encoder, 72551, 1479
Scale, 72658, 126, 12.84
Encoder, 72643, 1483
Scale, 72758, 153, 15.60
Encoder, 72758, 1488
Scale, 72858, 177, 18.04
Encoder, 72850, 1492
Scale, 72958, 197, 20.08
Encoder, 72947, 1496
Scale, 73058, 202, 20.59
Encoder, 73044, 1500
Scale, 73158, 188, 19.16
Encoder, 73137, 1504
Scale, 73258, 169, 17.23
Encoder, 73251, 1509
cale, 73358, 157, 16.00
Encoder, 73343, 1513
cale, 73458, 155, 15.80
Encoder, 73456, 1518
Scale, 73558, 163, 16.62
Encoder, 73546, 1522
Scale, 73658, 165, 16.82
Encoder, 73657, 1527
cale, 73758, 156, 15.90
Encoder, 73744, 1531
cale, 73858, 159, 16.21
Encoder, 73852, 1536
Encoder, 73939, 1541
Encoder, 74046, 1546
ncoder, 74155, 1551
ncoder, 74242, 1555
cale, 74358, -29, -2.96
Encoder, 74350, 1560
ncoder4
ncoder, 74545, 1569
ncoder, 74653, 1574
cale, 74758, 185, 18.86
Encoder, 74739, 1578
cale, 74858, 182, 18.55
Encoder, 74848, 1583
cale, 74958, 171, 17.43
Encoder, 74954, 1588
cale, 75058, 166, 16.92
Encoder, 75038, 1592
cale, 75158, 169, 17.23
Enco 1597
cale, 75258, 171, 17.43
Encoder, 75249, 1602
cale, 75358, 172, 17.53
Encoder, 75354, 1607
cale, 75458, 177, 18.04
Encoder, 75438, 1611
cale,  18.04
Enc 1616
cale, 75658, 169, 17.23
Encoder, 75649, 1621
cale, 75758, 166, 16.92
Encoder, 75753, 1626
cale, 75858, 161, 16.41
Encoder, 75858, 1631
cale,  15.39
Encoder, 75940, 1635
cale, 76058, 159, 16.21
Encoder, 76043, 1640
ncoder, 76156, 1646
ncoder,1
cale, 76358, 168, 17.13
Encoder, 76349, 1656
cale, 76458, 177, 18.04
Encoder, 76451, 1661
cale, 76558, 178, 18.14
Encoder, 76553, 1666
Scale, 76658, 174, 17.74
Encoder, 76653, 1671
Encoder, 76755, 1677
ncoder, 76856, 1682
Encoder, 76957, 1687
Encoder, 77057, 1692
cale, 77158, -29, -2.96
Encoder, 77156, 1697
ncoder, 77253, 1702
ncoder, 77349, 1707
ncoder, 77455, 1713
ncoder, 77540, 1719
cale, 14.78
Encoder, 77654, 1725
Scale, 77758, 164, 16.72
Encoder, 77750, 1730
Scale, 77858, 182, 18.55
Encoder, 77846, 1735
Scale, 77958, 196, 19.98
Encoder, 77942, 1740
Scale, 78058, 211, 21.51
Encoder, 78039, 1745
Encoder, 78157, 1752
Encoder, 78255, 1757
cale, 78358, 203, 20.69
Encoder, 78353, 1762
cale, 78458, 178, 18.14
Encoder, 78451, 1767
ncoder, 78547, 1773
ncoder, 78642, 1778
Scale, 78758, 172, 17.53
Encoder, 78758, 1784
Scale, 78858, 173, 17.64
Encoder, 78853, 1789
Scale, 78958, 165, 16.82
Encoder, 78950, 1794
Encoder, 79046, 1799
Encoder, 79142, 1804
Scale, 79258, 154, 15.70
Encoder, 79257, 1810
Scale, 79358, 156, 15.90
Encoder, 79353, 1815
Scale, 79458, 156, 15.90
Encoder, 79449, 1820
Scale, 79558, 159, 16.21
Encoder, 79543, 1825
Encoder, 79657, 1832
Encoder, 79751, 1837
ncoder, 79843, 1842
Encoder, 79956, 1848
Scale, 80058, -36, -3.67
Encoder, 80048, 1854
Scale, 80158, -28, -2.85
Encoder, 80141, 1859
Encoder, 80253, 1865
Encoder, 80345, 1870
Encoder, 80457, 1876
ncoder, 80549, 1882
Encoder, 80642, 1887
cale, 80758, 154, 15.70
Encoder, 80752, 1893
Scale, 80858, 153, 15.60
Encoder, 80845, 1898
Scale, 80958, 142, 14.48
Encoder, 80954, 1904
Encoder, 81044, 1910
ncoder, 81152, 1916
Scale, 81258, 108, 11.01
Encoder, 81241, 1921
Scale, 81358, 106, 10.81
Encoder, 81348, 1927
Scale, 81458, 97, 9.89
Encoder, 81453, 1933
Scale, 81558, 98, 9.99
Encoder, 81541, 1938
ncoder, 81647, 1945
Encoder, 81750, 1951
Encoder, 81854, 1957
Scale, 81958, -29, -2.96
Encoder, 81942, 1962
Encoder, 82048, 1968
Encoder, 82156, 1974
Encoder, 82246, 1979
Encoder, 82354, 1985
Encoder, 82444, 1990
Encoder, 82553, 1996
Scale, 82658, 143, 14.58
Encoder, 82643, 2001
Scale, 82758, 152, 15.49
Encoder, 82753, 2007
Scale, 82858, 155, 15.80
Encoder, 82843, 2012
Scale, 82958, 149, 15.19
Encoder, 82952, 2018
Encoder, 83044, 2024
Scale, 83158, 171, 17.43
Encoder, 83154, 2031
Scale, 83258, 170, 17.33
Encoder, 83247, 2036
Scale, 83358, 170, 17.33
Encoder, 83342, 2041
Scale, 83458, 161, 16.41
Encoder, 83455, 2047
Scale, 83558, 147, 14.98
Encoder, 83548, 2053
Scale, 83658, 132, 13.46
Encoder, 83641, 2058
Scale, 83758, 125, 12.74
Encoder, 83752, 2064
Scale, 83858, 124, 12.64
Encoder, 83844, 2069
Scale, 83958, 124, 12.64
Encoder, 83956, 2075
Scale, 84058, 137, 13.97
Encoder, 84049, 2080
Scale, 84158, 142, 14.48
Encoder, 84142, 2085
Scale, 84258, 137, 13.97
Encoder, 84254, 2091
Scale, 84358, 143, 14.58
Encoder, 84348, 2096
Scale, 84458, 148, 15.09
Encoder, 84443, 2101
Scale, 84558, 151, 15.39
Encoder, 84557, 2107
Scale, 84658, 147, 14.98
Encoder, 84652, 2112
Scale, 84758, 141, 14.37
Encoder, 84748, 2117
Scale, 84858, 136, 13.86
Encoder, 84844, 2122
Scale, 84958, 126, 12.84
Encoder, 84941, 2127
Scale, 85058, 89, 9.07
Encoder, 85057, 2133
Scale, 85158, 80, 8.15
Encoder, 85154, 2138
Scale, 85258, 69, 7.03
Encoder, 85250, 2143
Scale, 85358, 63, 6.42
Encoder, 85346, 2148
Scale, 85458, 65, 6.63
Encoder, 85441, 2153
Scale, 85558, 80, 8.15
Encoder, 85556, 2159
Scale, 85658, 103, 10.50
Encoder, 85653, 2164
Scale, 85758, 128, 13.05
Encoder, 85752, 2169
Scale, 85858, 152, 15.49
Encoder, 85857, 2174
Scale, 85958, 163, 16.62
Encoder, 85943, 2179
Scale, 86058, 133, 13.56
Encoder, 86054, 2184
Scale, 86158, 117, 11.93
Encoder, 86147, 2188
Scale, 86258, 109, 11.11
Encoder, 86243, 2192
Scale, 86358, 90, 9.17
Encoder, 86348, 2196
Scale, 86458, 62, 6.32
Encoder, 86431, 2199
Scale, 86558, 11, 1.12
Encoder, 86546, 2204
Scale, 86658, 4, 0.41
Encoder, 86637, 2207
Scale, 86758, 2, 0.20
Encoder, 86730, 2210
Scale, 86858, 1, 0.10
Encoder, 86828, 2213
Scale, 86958, 0, 0.00
Encoder, 86929, 2216
Scale, 87058, 0, 0.00
Encoder, 87034, 2219
Scale, 87158, 0, 0.00
Encoder, 87145, 2222
Scale, 87258, 0, 0.00
Encoder, 87221, 2224
Scale, 87358, -1, -0.10
Encoder, 87339, 2227
Scale, 87458, -1, -0.10
Encoder, 87422, 2229
Scale, 87558, -1, -0.10
Encoder, 87550, 2232
Scale, 87658, -1, -0.10
Encoder, 87641, 2234
Scale, 87758, -1, -0.10
Encoder, 87736, 2236
Scale, 87858, -1, -0.10
Encoder, 87836, 2238
Scale, 87958, -1, -0.10
Encoder, 87938, 2240
Scale, 88058, -1, -0.10
Encoder, 88046, 2242
Scale, 88158, -1, -0.10
Encoder, 88103, 2243
Scale, 88258, -1, -0.10
Encoder, 88222, 2245
Scale, 88358, -1, -0.10
Encoder, 88350, 2247
Scale, 88458, -1, -0.10
Encoder, 88418, 2248
Scale, 88558, -1, -0.10
Encoder, 88490, 2249
Scale, 88658, -1, -0.10
Encoder, 88641, 2251
Scale, 88758, -1, -0.10
Encoder, 88723, 2252
Scale, 88858, -1, -0.10
Encoder, 88811, 2253
Scale, 88958, -1, -0.10
Scale, 89058, -2, -0.20
Scale, 89158, -2, -0.20
Scale, 89258, -2, -0.20
Scale, 89358, -2, -0.20
Scale, 89458, -2, -0.20
Scale, 89558, -2, -0.20
Scale, 89658, -2, -0.20
Scale, 89758, -2, -0.20
Scale, 89858, -2, -0.20
Scale, 89958, -2, -0.20
Scale, 90058, -2, -0.20
Scale, 90158, -2, -0.20
Scale, 90258, -2, -0.20
Scale, 90358, -2, -0.20
Scale, 90458, -2, -0.20
Scale, 90558, -2, -0.20
Scale, 90658, -2, -0.20
Scale, 90758, -2, -0.20
Scale, 90858, -2, -0.20
Scale, 90958, -2, -0.20
Scale, 91058, -2, -0.20
Scale, 91158, -2, -0.20
Scale, 91258, -2, -0.20
Scale, 91358, -2, -0.20
Scale, 91458, -2, -0.20
Scale, 91558, -2, -0.20
Scale, 91658, -2, -0.20
Scale, 91758, -2, -0.20
Scale, 91858, -2, -0.20
Scale, 91958, -2, -0.20
Scale, 92058, -2, -0.20
Scale, 92158, -2, -0.20
Scale, 92258, -2, -0.20
Scale, 92358, -2, -0.20
Scale, 92458, -2, -0.20
Scale, 92558, -2, -0.20
Scale, 92658, -2, -0.20
Scale, 92758, -2, -0.20
Scale, 92858, -2, -0.20
Scale, 92958, -2, -0.20
Scale, 93058, -2, -0.20
Scale, 93158, -2, -0.20
Scale, 93258, -2, -0.20
Scale, 93358, -2, -0.20
Scale, 93458, -2, -0.20
Scale, 93558, -2, -0.20
Scale, 93658, -2, -0.20
Scale, 93758, -2, -0.20
Scale, 93858, -2, -0.20
Scale, 93958, -1, -0.10
Scale, 94058, -1, -0.10
Scale, 94158, -2, -0.20
Scale, 94258, -1, -0.10
Scale, 94358, -1, -0.10
Scale, 94458, -1, -0.10
Scale, 94558, -1, -0.10
Scale, 94658, -1, -0.10
Scale, 94758, -1, -0.10
Scale, 94858, -1, -0.10
Scale, 94958, -1, -0.10
Scale, 95058, -1, -0.10
Scale, 95158, -1, -0.10
Scale, 95258, -1, -0.10
Scale, 95358, -1, -0.10
Scale, 95458, -1, -0.10
Scale, 95558, -1, -0.10
Scale, 95658, -1, -0.10
Scale, 95758, -1, -0.10
Scale, 95858, -1, -0.10
Scale, 95958, -1, -0.10
Scale, 96058, -1, -0.10
Scale, 96158, -1, -0.10
Scale, 96258, -1, -0.10
Scale, 96358, -1, -0.10
Scale, 96458, -1, -0.10
Scale, 96558, -1, -0.10
Scale, 96658, -1, -0.10
Scale, 96758, -1, -0.10
Scale, 96858, -1, -0.10
Scale, 96958, -1, -0.10
Scale, 97058, -1, -0.10
Scale, 97158, -1, -0.10
Scale, 97258, -1, -0.10
Scale, 97358, -1, -0.10
Scale, 97458, -1, -0.10
Scale, 97558, -1, -0.10
Scale, 97658, -1, -0.10
Scale, 97758, -1, -0.10
Scale, 97858, -1, -0.10
Scale, 97958, -1, -0.10
Scale, 98058, -1, -0.10
Scale, 98158, -1, -0.10
Scale, 98258, -1, -0.10
Scale, 98358, -1, -0.10
Scale, 98458, -1, -0.10
Scale, 98558, -1, -0.10
Scale, 98658, -1, -0.10
Scale, 98758, -1, -0.10
Scale, 98858, -1, -0.10
Scale, 98958, -1, -0.10
Scale, 99058, -1, -0.10
Scale, 99158, -1, -0.10
Scale, 99258, -1, -0.10
Scale, 99358, -1, -0.10
Scale, 99458, -1, -0.10
Scale, 99558, -1, -0.10
Scale, 99658, -1, -0.10
Scale, 99758, -1, -0.10
Scale, 99858, -1, -0.10
Scale, 99958, -1, -0.10
Scale, 100058, -1, -0.10
Scale, 100158, -1, -0.10
Scale, 100258, -1, -0.10
Scale, 100358, -1, -0.10
Scale, 100458, -1, -0.10
Scale, 100558, -1, -0.10
Scale, 100658, -1, -0.10
Scale, 100758, -1, -0.10
Scale, 100858, -1, -0.10
Scale, 100958, -1, -0.10
Scale, 101058, -1, -0.10
Scale, 101158, -1, -0.10
Scale, 101258, -1, -0.10
Scale, 101358, -1, -0.10
Scale, 101458, -1, -0.10
Scale, 101558, -1, -0.10
Scale, 101658, -1, -0.10
Scale, 101758, -1, -0.10
Scale, 101858, -1, -0.10
Scale, 101958, -1, -0.10
Scale, 102058, -1, -0.10
Scale, 102158, -1, -0.10
Scale, 102258, -1, -0.10
Scale, 102358, -1, -0.10
Scale, 102458, -1, -0.10
Scale, 102558, -1, -0.10
Scale, 102658, -1, -0.10
Scale, 102758, -1, -0.10
Scale, 102858, -1, -0.10
Scale, 102958, -1, -0.10
Scale, 103058, -1, -0.10
Scale, 103158, -1, -0.10
Scale, 103258, -1, -0.10
Scale, 103358, -1, -0.10
Scale, 103458, -1, -0.10
Scale, 103558, -1, -0.10
Scale, 103658, -1, -0.10
Scale, 103758, -1, -0.10
Scale, 103858, -1, -0.10
Scale, 103958, -1, -0.10
Scale, 104058, -1, -0.10
Scale, 104158, -1, -0.10
Scale, 104258, -1, -0.10
Scale, 104358, -1, -0.10
Scale, 104458, -1, -0.10
Scale, 104558, -1, -0.10
Scale, 104658, -1, -0.10
Scale, 104758, -1, -0.10
Scale, 104858, -1, -0.10
Scale, 104958, -1, -0.10
Scale, 105058, -1, -0.10
Scale, 105158, -1, -0.10
Scale, 105258, -1, -0.10
Scale, 105358, -1, -0.10
Scale, 105458, -1, -0.10
Scale, 105558, -1, -0.10
Scale, 105658, -1, -0.10
Scale, 105758, -1, -0.10
Scale, 105858, -1, -0.10
Scale, 105958, -1, -0.10
Scale, 106058, -1, -0.10
Scale, 106158, -1, -0.10
Scale, 106258, -1, -0.10
Scale, 106358, -1, -0.10
Scale, 106458, -1, -0.10
Scale, 106558, -1, -0.10
Scale, 106658, -1, -0.10
Scale, 106758, -1, -0.10
Scale, 106858, -1, -0.10
Scale, 106958, -1, -0.10
Scale, 107058, -1, -0.10
Scale, 107158, -1, -0.10
Scale, 107258, -1, -0.10
Scale, 107358, -1, -0.10
Scale, 107458, -1, -0.10
Scale, 107558, -1, -0.10
Scale, 107658, -1, -0.10
Scale, 107758, -1, -0.10
Scale, 107858, -1, -0.10
Scale, 107958, -1, -0.10
Scale, 108058, -1, -0.10
Scale, 108158, -1, -0.10
Scale, 108258, -1, -0.10
Scale, 108358, -1, -0.10
Scale, 108458, -1, -0.10
Scale, 108558, -1, -0.10
Scale, 108658, -1, -0.10
Scale, 108758, -1, -0.10
Scale, 108858, -1, -0.10
Scale, 108958, -1, -0.10
Scale, 109058, -1, -0.10
Scale, 109158, -1, -0.10
Scale, 109258, -1, -0.10
Scale, 109358, -1, -0.10
Scale, 109458, -1, -0.10
Scale, 109558, -1, -0.10
Scale, 109658, -1, -0.10
Scale, 109758, -1, -0.10
Scale, 109858, -1, -0.10
Scale, 109958, -1, -0.10
Scale, 110058, -1, -0.10
Scale, 110158, -1, -0.10
Scale, 110258, -1, -0.10
Scale, 110358, -1, -0.10
Scale, 110458, -1, -0.10
Scale, 110558, -1, -0.10
Scale, 110658, -1, -0.10
Scale, 110758, -1, -0.10
Scale, 110858, -1, -0.10
Scale, 110958, 0, 0.00
Scale, 111058, -1, -0.10
Scale, 111158, -1, -0.10
Scale, 111258, -1, -0.10
Scale, 111358, -1, -0.10
Scale, 111458, -1, -0.10
Scale, 111558, -1, -0.10
Scale, 111658, -1, -0.10
Scale, 111758, -1, -0.10
Scale, 111858, -1, -0.10
Scale, 111958, 0, 0.00
Scale, 112058, -1, -0.10
Scale, 112158, -1, -0.10
Scale, 112258, 0, 0.00
Scale, 112358, -1, -0.10
Scale, 112458, -1, -0.10
Scale, 112558, 0, 0.00
Scale, 112658, 0, 0.00
Scale, 112758, 0, 0.00
Scale, 112858, 0, 0.00
Scale, 112958, 0, 0.00
Scale, 113058, 0, 0.00
Scale, 113158, 0, 0.00
Scale, 113258, 0, 0.00
Scale, 113358, 0, 0.00
Scale, 113458, 0, 0.00
Scale, 113558, 0, 0.00
Scale, 113658, 0, 0.00
Scale, 113758, 0, 0.00
Scale, 113858, 0, 0.00
Scale, 113958, 0, 0.00
Scale, 114058, 0, 0.00
Scale, 114158, 0, 0.00
Scale, 114258, 0, 0.00
Scale, 114358, 0, 0.00
Scale, 114458, 0, 0.00
Scale, 114558, 0, 0.00
Scale, 114658, 0, 0.00
Scale, 114758, 0, 0.00
Scale, 114858, 0, 0.00
Scale, 114958, 0, 0.00
Scale, 115058, 0, 0.00
Scale, 115158, 0, 0.00
Scale, 115258, 0, 0.00
Scale, 115358, 0, 0.00
Scale, 115458, 0, 0.00
Scale, 115558, 0, 0.00
Scale, 115658, 0, 0.00
Scale, 115758, 0, 0.00
Scale, 115858, 0, 0.00
Scale, 115958, 0, 0.00
Scale, 116058, 0, 0.00
Scale, 116158, 0, 0.00
Scale, 116258, 0, 0.00
Scale, 116358, 0, 0.00
Scale, 116458, 0, 0.00
Scale, 116558, 0, 0.00
Scale, 116658, 0, 0.00
Scale, 116758, 0, 0.00
Scale, 116858, 0, 0.00
Scale, 116958, 0, 0.00
Scale, 117058, 0, 0.00
Scale, 117158, 0, 0.00
Scale, 117258, 0, 0.00
Scale, 117358, 0, 0.00
Scale, 117458, 0, 0.00
Scale, 117558, 0, 0.00
Scale, 117658, 0, 0.00
Scale, 117758, 0, 0.00
Scale, 117858, 0, 0.00
Scale, 117958, 0, 0.00
Scale, 118058, 0, 0.00
Scale, 118158, 0, 0.00
Scale, 118258, 0, 0.00
Scale, 118358, 0, 0.00
Scale, 118458, 0, 0.00
Scale, 118558, 0, 0.00
Scale, 118658, 0, 0.00
Scale, 118758, 0, 0.00
Scale, 118858, 0, 0.00
Scale, 118958, 0, 0.00
Scale, 119058, 0, 0.00
Scale, 119158, 0, 0.00
Scale, 119258, 0, 0.00
Scale, 119358, 0, 0.00
Scale, 119458, 0, 0.00
Scale, 119558, 0, 0.00
Scale, 119658, 0, 0.00
Scale, 119758, 0, 0.00
Scale, 119858, 0, 0.00
Scale, 119958, 0, 0.00
Scale, 120058, 0, 0.00
Scale, 120158, 0, 0.00
Scale, 120258, 0, 0.00
Scale, 120358, 0, 0.00
Scale, 120458, 0, 0.00
Scale, 120558, 0, 0.00
Scale, 120658, 0, 0.00
Scale, 120758, 0, 0.00
Scale, 120858, 0, 0.00
Scale, 120958, 0, 0.00
Scale, 121058, 0, 0.00
Scale, 121158, 0, 0.00
Scale, 121258, 0, 0.00
Scale, 121358, 0, 0.00
Scale, 121458, 0, 0.00
Scale, 121558, 0, 0.00
Scale, 121658, 0, 0.00
Scale, 121758, 0, 0.00
Scale, 121858, 0, 0.00
Scale, 121958, 0, 0.00
Scale, 122058, 0, 0.00
Scale, 122158, 0, 0.00
Scale, 122258, 0, 0.00
Scale, 122358, 0, 0.00
Scale, 122458, 0, 0.00
Scale, 122558, 0, 0.00
Scale, 122658, 0, 0.00
Scale, 122758, 0, 0.00
Scale, 122858, 0, 0.00
Scale, 122958, 0, 0.00
Scale, 123058, 0, 0.00
Scale, 123158, 0, 0.00
Scale, 123258, 0, 0.00
Scale, 123358, 0, 0.00
Scale, 123458, 0, 0.00
Scale, 123558, 0, 0.00
Scale, 123658, 0, 0.00
Scale, 123758, 0, 0.00
Scale, 123858, 0, 0.00
Scale, 123958, 0, 0.00
Scale, 124058, 0, 0.00
Scale, 124158, 0, 0.00
Scale, 124258, 0, 0.00
Scale, 124358, 0, 0.00
Scale, 124458, 0, 0.00
Scale, 124558, 0, 0.00
Scale, 124658, 0, 0.00
Scale, 124758, 0, 0.00
Scale, 124858, 0, 0.00
Scale, 124958, 0, 0.00
Scale, 125058, 0, 0.00
Scale, 125158, 0, 0.00
Scale, 125258, 0, 0.00
Scale, 125358, 0, 0.00
Scale, 125458, 0, 0.00
Scale, 125558, 0, 0.00
Scale, 125658, 0, 0.00
Scale, 125758, 0, 0.00
Scale, 125858, 0, 0.00
Scale, 125958, 0, 0.00
Scale, 126058, 0, 0.00
Scale, 126158, 0, 0.00
Scale, 126258, 0, 0.00
Scale, 126358, 0, 0.00
Scale, 126458, 0, 0.00
Scale, 126558, 0, 0.00
Scale, 126658, 0, 0.00
Scale, 126758, 0, 0.00
Scale, 126858, 0, 0.00
Scale, 126958, 0, 0.00
Scale, 127058, 0, 0.00
Scale, 127158, 0, 0.00
Scale, 127258, 0, 0.00
Scale, 127358, 0, 0.00
Scale, 127458, 0, 0.00
Scale, 127558, 0, 0.00
Scale, 127658, 0, 0.00
Scale, 127758, 0, 0.00
Scale, 127858, 0, 0.00
Scale, 127958, 0, 0.00
Scale, 128058, 0, 0.00
Scale, 128158, 0, 0.00
Scale, 128258, 0, 0.00
Scale, 128358, 0, 0.00
Scale, 128458, 0, 0.00
Scale, 128558, 0, 0.00
Scale, 128658, 0, 0.00
Scale, 128758, 0, 0.00
Scale, 128858, 0, 0.00
Scale, 128958, 0, 0.00
Scale, 129058, 0, 0.00
Scale, 129158, 0, 0.00
Scale, 129258, 0, 0.00
Scale, 129358, 0, 0.00
Scale, 129458, 0, 0.00
Scale, 129558, 0, 0.00
Scale, 129658, 0, 0.00
Scale, 129758, 0, 0.00
Scale, 129858, 0, 0.00
Scale, 129958, 0, 0.00
Scale, 130058, 0, 0.00
Scale, 130158, 0, 0.00
Scale, 130258, 0, 0.00
Scale, 130358, 0, 0.00
Scale, 130458, 0, 0.00
Scale, 130558, 0, 0.00
Scale, 130658, 0, 0.00
Scale, 130758, 0, 0.00
Scale, 130858, 0, 0.00
Scale, 130958, 0, 0.00
Scale, 131058, 0, 0.00
Scale, 131158, 0, 0.00
Scale, 131258, 0, 0.00
Scale, 131358, 0, 0.00
Scale, 131458, 0, 0.00
Scale, 131558, 0, 0.00
Scale, 131658, 0, 0.00
Scale, 131758, 0, 0.00
Scale, 131858, 0, 0.00
Scale, 131958, 0, 0.00
Scale, 132058, 0, 0.00
Scale, 132158, 0, 0.00
Scale, 132258, 0, 0.00
Scale, 132358, 0, 0.00
Scale, 132458, 0, 0.00
Scale, 132558, 0, 0.00
Scale, 132658, 0, 0.00
Scale, 132758, 0, 0.00
Scale, 132858, 0, 0.00
Scale, 132958, 0, 0.00
Scale, 133058, 0, 0.00
Scale, 133158, 0, 0.00
Scale, 133258, 0, 0.00
Scale, 133358, 0, 0.00
Scale, 133458, 0, 0.00
Scale, 133558, 0, 0.00
Scale, 133658, 0, 0.00
Scale, 133758, 0, 0.00
Scale, 133858, 0, 0.00
Scale, 133958, 0, 0.00
Scale, 134058, 0, 0.00
Scale, 134158, 0, 0.00
Scale, 134258, 0, 0.00
Scale, 134358, 0, 0.00
Scale, 134458, 0, 0.00
Scale, 134558, 0, 0.00
Scale, 134658, 0, 0.00
Scale, 134758, 0, 0.00
Scale, 134858, 0, 0.00
Scale, 134958, 0, 0.00
Scale, 135058, 0, 0.00
Scale, 135158, 0, 0.00
Scale, 135258, 0, 0.00
Scale, 135358, 0, 0.00
Scale, 135458, 0, 0.00
Scale, 135558, 0, 0.00
Scale, 135658, 0, 0.00
Scale, 135758, 0, 0.00
Scale, 135858, 0, 0.00
Scale, 135958, 0, 0.00
Scale, 136058, 0, 0.00
Scale, 136158, 0, 0.00
Scale, 136258, 0, 0.00
Scale, 136358, 0, 0.00
Scale, 136458, 0, 0.00
Scale, 136558, 0, 0.00
Scale, 136658, 0, 0.00
Scale, 136758, 0, 0.00
Scale, 136858, 0, 0.00
Scale, 136958, 0, 0.00
Scale, 137058, 0, 0.00
Scale, 137158, 0, 0.00
Scale, 137258, 0, 0.00
Scale, 137358, 0, 0.00
Scale, 137458, 0, 0.00
Scale, 137558, 0, 0.00
Scale, 137658, 0, 0.00
Scale, 137758, 0, 0.00
Scale, 137858, 0, 0.00
Scale, 137958, 0, 0.00
Scale, 138058, 0, 0.00
Scale, 138158, 0, 0.00
Scale, 138258, 0, 0.00
Scale, 138358, 0, 0.00
Scale, 138458, 0, 0.00
Scale, 138558, 0, 0.00
Scale, 138658, 0, 0.00
Scale, 138758, 0, 0.00
Scale, 138858, 0, 0.00
Scale, 138958, 0, 0.00
Scale, 139058, 0, 0.00
Scale, 139158, 0, 0.00
Scale, 139258, 0, 0.00
Scale, 139358, 0, 0.00
Scale, 139458, 0, 0.00
Scale, 139558, 0, 0.00
Scale, 139658, 0, 0.00
Scale, 139758, 0, 0.00
Scale, 139858, 0, 0.00
Scale, 139958, 0, 0.00
Scale, 140058, 0, 0.00
Scale, 140158, 0, 0.00
Scale, 140258, 0, 0.00
Scale, 140358, 0, 0.00
Scale, 140458, 0, 0.00
Scale, 140558, 0, 0.00
Scale, 140658, 0, 0.00
Scale, 140758, 0, 0.00
Scale, 140858, 0, 0.00
Scale, 140958, 0, 0.00
Scale, 141058, 0, 0.00
Scale, 141158, 0, 0.00
Scale, 141258, 0, 0.00
Scale, 141358, 0, 0.00
Scale, 141458, 0, 0.00
Scale, 141558, 0, 0.00
Scale, 141658, 0, 0.00
Scale, 141758, 0, 0.00
Scale, 141858, 0, 0.00
Scale, 141958, 0, 0.00
Scale, 142058, 0, 0.00
Scale, 142158, 0, 0.00
Scale, 142258, 0, 0.00
Scale, 142358, 0, 0.00
Scale, 142458, 0, 0.00
Scale, 142558, 0, 0.00
Scale, 142658, 0, 0.00
Scale, 142758, 0, 0.00
Scale, 142858, 0, 0.00
Scale, 142958, 0, 0.00
Scale, 143058, 0, 0.00
Scale, 143158, 0, 0.00
Scale, 143258, 0, 0.00
Scale, 143358, 0, 0.00
Scale, 143458, 0, 0.00
Scale, 143558, 0, 0.00
Scale, 143658, 0, 0.00
Scale, 143758, 0, 0.00
Scale, 143858, 0, 0.00
Scale, 143958, 0, 0.00
Scale, 144058, 0, 0.00
Scale, 144158, 0, 0.00
Scale, 144258, 0, 0.00
Scale, 144358, 0, 0.00
Scale, 144458, 0, 0.00
Scale, 144558, 0, 0.00
Scale, 144658, 0, 0.00
Scale, 144758, 0, 0.00
Scale, 144858, 0, 0.00
Scale, 144958, 0, 0.00
Scale, 145058, 0, 0.00
Scale, 145158, 0, 0.00
Scale, 145258, 0, 0.00
Scale, 145358, 0, 0.00
Scale, 145458, 0, 0.00
Scale, 145558, 0, 0.00
Scale, 145658, 0, 0.00
Scale, 145758, 0, 0.00
Scale, 145858, 0, 0.00
Scale, 145958, 0, 0.00
Scale, 146058, 0, 0.00
Scale, 146158, 0, 0.00
Scale, 146258, 0, 0.00
Scale, 146358, 0, 0.00
Scale, 146458, 0, 0.00
Scale, 146558, 0, 0.00
Scale, 146658, 0, 0.00
Scale, 146758, 0, 0.00
Scale, 146858, 0, 0.00
Scale, 146958, 0, 0.00
Scale, 147058, 0, 0.00
Scale, 147158, 0, 0.00
Scale, 147258, 0, 0.00
Scale, 147358, 0, 0.00
Scale, 147458, 0, 0.00
Scale, 147558, 0, 0.00
Scale, 147658, 0, 0.00
Scale, 147758, 0, 0.00
Scale, 147858, 0, 0.00
Scale, 147958, 0, 0.00
Scale, 148058, 0, 0.00
Scale, 148158, 0, 0.00
Scale, 148258, 0, 0.00
Scale, 148358, 0, 0.00
Scale, 148458, 0, 0.00
Scale, 148558, 0, 0.00
Scale, 148658, 0, 0.00
Scale, 148758, 0, 0.00
Scale, 148858, 0, 0.00
Scale, 148958, 0, 0.00
Scale, 149058, 0, 0.00
Scale, 149158, 0, 0.00
Scale, 149258, 0, 0.00
Scale, 149358, 0, 0.00
Scale, 149458, 0, 0.00
Scale, 149558, 0, 0.00
Scale, 149658, 0, 0.00
Scale, 149758, 0, 0.00
Scale, 149858, 0, 0.00
Scale, 149958, 0, 0.00
Scale, 150058, 0, 0.00
Scale, 150158, 0, 0.00
Scale, 150258, 0, 0.00
Scale, 150358, 0, 0.00
Scale, 150458, 0, 0.00
Scale, 150558, 0, 0.00
Scale, 150658, 0, 0.00
Scale, 150758, 0, 0.00
Scale, 150858, 0, 0.00
Scale, 150958, 0, 0.00
Scale, 151058, 0, 0.00
Scale, 151158, 0, 0.00
Scale, 151258, 0, 0.00
Scale, 151358, 0, 0.00
Scale, 151458, 0, 0.00
Scale, 151558, 0, 0.00
Scale, 151658, 0, 0.00
Scale, 151758, 0, 0.00
Scale, 151858, 0, 0.00
Scale, 151958, 0, 0.00
Scale, 152058, 0, 0.00
Scale, 152158, 0, 0.00
Scale, 152258, 0, 0.00
Scale, 152358, 0, 0.00
Scale, 152458, 0, 0.00
Scale, 152558, 0, 0.00
Scale, 152658, 0, 0.00
Scale, 152758, 0, 0.00
Scale, 152858, 0, 0.00
Scale, 152958, 0, 0.00
Scale, 153058, 0, 0.00
Scale, 153158, 0, 0.00
Scale, 153258, 0, 0.00
Scale, 153358, 0, 0.00
Scale, 153458, 0, 0.00
Scale, 153558, 0, 0.00
Scale, 153658, 0, 0.00
Scale, 153758, 0, 0.00
Scale, 153858, 0, 0.00
Scale, 153958, 0, 0.00
Scale, 154058, 0, 0.00
Scale, 154158, 0, 0.00
Scale, 154258, 0, 0.00
Scale, 154358, 0, 0.00
Scale, 154458, 0, 0.00
Scale, 154558, 0, 0.00
Scale, 154658, 0, 0.00
Scale, 154758, 0, 0.00
Scale, 154858, 0, 0.00
Scale, 154958, 0, 0.00
Scale, 155058, 0, 0.00
Scale, 155158, 0, 0.00
Scale, 155258, 0, 0.00
Scale, 155358, 0, 0.00
Scale, 155458, 0, 0.00
Scale, 155558, 0, 0.00
Scale, 155658, 0, 0.00
Scale, 155758, 0, 0.00
Scale, 155858, 0, 0.00
Scale, 155958, 0, 0.00
Scale, 156058, 0, 0.00
Scale, 156158, 0, 0.00
Scale, 156258, 0, 0.00
Scale, 156358, 0, 0.00
Scale, 156458, 0, 0.00
Scale, 156558, 0, 0.00
Scale, 156658, 0, 0.00
Scale, 156758, 0, 0.00
Scale, 156858, 0, 0.00
Scale, 156958, 0, 0.00
Scale, 157058, 0, 0.00
Scale, 157158, 0, 0.00
Scale, 157258, 0, 0.00
Scale, 157358, 0, 0.00
Scale, 157458, 0, 0.00
Scale, 157558, 0, 0.00
Scale, 157658, 0, 0.00
Scale, 157758, 0, 0.00
Scale, 157858, 0, 0.00
Scale, 157958, 0, 0.00
Scale, 158058, 0, 0.00
Scale, 158158, 0, 0.00
Scale, 158258, 0, 0.00
Scale, 158358, 0, 0.00
Scale, 158458, 0, 0.00
Scale, 158558, 0, 0.00
Scale, 158658, 0, 0.00
Scale, 158758, 0, 0.00
Scale, 158858, 0, 0.00
Scale, 158958, 0, 0.00
Scale, 159058, 0, 0.00
Scale, 159158, 0, 0.00
Scale, 159258, 0, 0.00
Scale, 159358, 0, 0.00
Scale, 159458, 0, 0.00
Scale, 159558, 0, 0.00
Scale, 159658, 0, 0.00
Scale, 159758, 0, 0.00
Scale, 159858, 0, 0.00
Scale, 159958, 0, 0.00
Scale, 160058, 0, 0.00
Scale, 160158, 0, 0.00
Scale, 160258, 0, 0.00
Scale, 160358, 0, 0.00
Scale, 160458, 0, 0.00
Scale, 160558, 0, 0.00
Scale, 160658, 0, 0.00
Scale, 160758, 0, 0.00
Scale, 160858, 0, 0.00
Scale, 160958, 0, 0.00
Scale, 161058, 0, 0.00
Scale, 161158, 0, 0.00
Scale, 161258, 0, 0.00
Scale, 161358, 0, 0.00
Scale, 161458, 0, 0.00
Scale, 161558, 0, 0.00
Scale, 161658, 0, 0.00
Scale, 161758, 0, 0.00
Scale, 161858, 0, 0.00
Scale, 161958, 0, 0.00
Scale, 162058, 0, 0.00
Scale, 162158, 0, 0.00
Scale, 162258, 0, 0.00
Scale, 162358, 0, 0.00
Scale, 162458, 0, 0.00
Scale, 162558, 0, 0.00
Scale, 162658, 0, 0.00
Scale, 162758, 0, 0.00
Scale, 162858, 0, 0.00
Scale, 162958, 0, 0.00
Scale, 163058, 0, 0.00
Scale, 163158, 0, 0.00
Scale, 163258, 0, 0.00
Scale, 163358, 0, 0.00
Scale, 163458, 0, 0.00
Scale, 163558, 0, 0.00
Scale, 163658, 0, 0.00
Scale, 163758, 0, 0.00
Scale, 163858, 0, 0.00
Scale, 163958, 0, 0.00
Scale, 164058, 0, 0.00
Scale, 164158, 0, 0.00
Scale, 164258, 0, 0.00
Scale, 164358, 0, 0.00
Scale, 164458, 1, 0.10
Scale, 164558, 0, 0.00
Scale, 164658, 0, 0.00
Scale, 164758, 0, 0.00
Scale, 164858, 0, 0.00
Scale, 164958, 1, 0.10
Scale, 165058, 1, 0.10
Scale, 165158, 1, 0.10
Scale, 165258, 0, 0.00
Scale, 165358, 1, 0.10
Scale, 165458, 1, 0.10
Scale, 165558, 1, 0.10
Scale, 165658, 1, 0.10
Scale, 165758, 1, 0.10
Scale, 165858, 1, 0.10
Scale, 165958, 1, 0.10
Scale, 166058, 1, 0.10
Scale, 166158, 0, 0.00
Scale, 166258, 0, 0.00
Scale, 166358, 1, 0.10
Scale, 166458, 1, 0.10
Scale, 166558, 1, 0.10
Scale, 166658, 1, 0.10
Scale, 166758, 1, 0.10
Scale, 166858, 1, 0.10
Scale, 166958, 1, 0.10
Scale, 167058, 2, 0.20
Scale, 167158, 1, 0.10
Scale, 167258, 1, 0.10
Scale, 167358, 1, 0.10
Scale, 167458, 1, 0.10
Scale, 167558, 1, 0.10
Scale, 167658, 1, 0.10
Scale, 167758, 1, 0.10
Scale, 167858, 0, 0.00
Scale, 167958, 0, 0.00
Scale, 168058, 0, 0.00
Scale, 168158, 0, 0.00
Scale, 168258, 0, 0.00
Scale, 168358, 0, 0.00
Scale, 168458, 1, 0.10
Scale, 168558, 3, 0.31
Scale, 168658, 4, 0.41
Scale, 168758, 5, 0.51
Scale, 168858, 6, 0.61
Scale, 168958, 6, 0.61
Scale, 169058, 6, 0.61
Scale, 169158, 7, 0.71
Scale, 169258, 8, 0.82
Scale, 169358, 8, 0.82
Scale, 169458, 8, 0.82
Encoder, 169445, 2254
Scale, 169558, 8, 0.82
Scale, 169658, 8, 0.82
Scale, 169758, 8, 0.82
Scale, 169858, 8, 0.82
Scale, 169958, 8, 0.82
Scale, 170058, 7, 0.71
Scale, 170158, 6, 0.61
Encoder, 170140, 2255
Scale, 170258, 4, 0.41
Scale, 170358, 3, 0.31
Scale, 170458, 3, 0.31
Scale, 170558, 4, 0.41
Scale, 170658, 4, 0.41
Scale, 170758, 3, 0.31
Scale, 170858, 3, 0.31
Scale, 170958, 3, 0.31
Encoder, 170915, 2256
Scale, 171058, 3, 0.31
Scale, 171158, 4, 0.41
Scale, 171258, 4, 0.41
Scale, 171358, 3, 0.31
Scale, 171458, 3, 0.31
Scale, 171558, 3, 0.31
Scale, 171658, 3, 0.31
Scale, 171758, 3, 0.31
Scale, 171858, 3, 0.31
Scale, 171958, 3, 0.31
Scale, 172058, 2, 0.20
Scale, 172158, 2, 0.20
Scale, 172258, 2, 0.20
Scale, 172358, 2, 0.20
Scale, 172458, 3, 0.31
Scale, 172558, 3, 0.31
Scale, 172658, 3, 0.31
Scale, 172758, 2, 0.20
Scale, 172858, 2, 0.20
Scale, 172958, 3, 0.31
Scale, 173058, 3, 0.31
Scale, 173158, 4, 0.41
Scale, 173258, 5, 0.51
Encoder, 173216, 2257
Scale, 173358, 5, 0.51
Scale, 173458, 5, 0.51
Scale, 173558, 5, 0.51
Scale, 173658, 5, 0.51
Scale, 173758, 4, 0.41
Scale, 173858, 3, 0.31
Scale, 173958, 3, 0.31
Scale, 174058, 3, 0.31
Scale, 174158, 3, 0.31
Scale, 174258, 2, 0.20
Scale, 174358, 3, 0.31
Scale, 174458, 3, 0.31
Scale, 174558, 3, 0.31
Scale, 174658, 3, 0.31
Scale, 174758, 3, 0.31
Scale, 174858, 3, 0.31
Scale, 174958, 4, 0.41
Scale, 175058, 4, 0.41
Scale, 175158, 2, 0.20
Scale, 175258, 1, 0.10
Scale, 175358, 1, 0.10
Scale, 175458, 2, 0.20
Scale, 175558, 4, 0.41
Scale, 175658, 11, 1.12
Scale, 175758, 14, 1.43
Scale, 175858, 15, 1.53
Scale, 175958, 14, 1.43
Encoder, 175888, 2258
Scale, 176058, 11, 1.12
Scale, 176158, 6, 0.61
Scale, 176258, 5, 0.51
Scale, 176358, 4, 0.41
Encoder, 176260, 2259
Scale, 176458, 3, 0.31
Scale, 176558, 2, 0.20
Scale, 176658, 2, 0.20
Scale, 176758, 3, 0.31
Encoder, 176714, 2260
Scale, 176858, 2, 0.20
Scale, 176958, 2, 0.20
Scale, 177058, 1, 0.10
Scale, 177158, 1, 0.10
Scale, 177258, 1, 0.10
Scale, 177358, 1, 0.10
Scale, 177458, 2, 0.20
Scale, 177558, 2, 0.20
Scale, 177658, 3, 0.31
Scale, 177758, 3, 0.31
Scale, 177858, 3, 0.31
Scale, 177958, 3, 0.31
Scale, 178058, 3, 0.31
Scale, 178158, 3, 0.31
Scale, 178258, 3, 0.31
Scale, 178358, 3, 0.31
Scale, 178458, 3, 0.31
Scale, 178558, 3, 0.31
Scale, 178658, 3, 0.31
Scale, 178758, 3, 0.31
Scale, 178858, 3, 0.31
Scale, 178958, 4, 0.41
Scale, 179058, 3, 0.31
Scale, 179158, 3, 0.31
Scale, 179258, 3, 0.31
Scale, 179358, 3, 0.31
Scale, 179458, 4, 0.41
Scale, 179558, 3, 0.31
Scale, 179658, 3, 0.31
Scale, 179758, 3, 0.31
Scale, 179858, 3, 0.31
Scale, 179958, 3, 0.31
Scale, 180058, 3, 0.31
Scale, 180158, 3, 0.31
Scale, 180258, 3, 0.31
Scale, 180358, 3, 0.31
Scale, 180458, 3, 0.31
Scale, 180558, 4, 0.41
Scale, 180658, 4, 0.41
Scale, 180758, 4, 0.41
Scale, 180858, 4, 0.41
Scale, 180958, 4, 0.41
Scale, 181058, 4, 0.41
Scale, 181158, 4, 0.41
Scale, 181258, 4, 0.41
Scale, 181358, 4, 0.41
Scale, 181458, 4, 0.41
Scale, 181558, 3, 0.31
Scale, 181658, 3, 0.31
Scale, 181758, 3, 0.31
Scale, 181858, 3, 0.31
Scale, 181958, 3, 0.31
Scale, 182058, 3, 0.31
Scale, 182158, 3, 0.31
Scale, 182258, 3, 0.31
Scale, 182358, 3, 0.31
Scale, 182458, 3, 0.31
Scale, 182558, 3, 0.31
Scale, 182658, 3, 0.31
Scale, 182758, 3, 0.31
Scale, 182858, 3, 0.31
Scale, 182958, 3, 0.31
Scale, 183058, 3, 0.31
Scale, 183158, 3, 0.31
Scale, 183258, 3, 0.31
Scale, 183358, 3, 0.31
Scale, 183458, 3, 0.31
Scale, 183558, 3, 0.31
Scale, 183658, 3, 0.31
Scale, 183758, 3, 0.31
Scale, 183858, 3, 0.31
Scale, 183958, 3, 0.31
Scale, 184058, 3, 0.31
Scale, 184158, 3, 0.31
Scale, 184258, 3, 0.31
Scale, 184358, 3, 0.31
Scale, 184458, 2, 0.20
Scale, 184558, 2, 0.20
Scale, 184658, 2, 0.20
Scale, 184758, 2, 0.20
Scale, 184858, 2, 0.20
Scale, 184958, 2, 0.20
Scale, 185058, 2, 0.20
Scale, 185158, 2, 0.20
Scale, 185258, 2, 0.20
Scale, 185358, 2, 0.20
Scale, 185458, 2, 0.20
Scale, 185558, 2, 0.20
Scale, 185658, 2, 0.20
Scale, 185758, 2, 0.20
Scale, 185858, 2, 0.20
Scale, 185958, 2, 0.20
Scale, 186058, 2, 0.20
Scale, 186158, 2, 0.20
Scale, 186258, 2, 0.20
Scale, 186358, 2, 0.20
Scale, 186458, 2, 0.20
Scale, 186558, 2, 0.20
Scale, 186658, 2, 0.20
Scale, 186758, 2, 0.20
Scale, 186858, 2, 0.20
Scale, 186958, 2, 0.20
Scale, 187058, 2, 0.20
Scale, 187158, 2, 0.20
Scale, 187258, 2, 0.20
Scale, 187358, 2, 0.20
Scale, 187458, 2, 0.20
Scale, 187558, 2, 0.20
Scale, 187658, 2, 0.20
Scale, 187758, 2, 0.20
Scale, 187858, 2, 0.20
Scale, 187958, 3, 0.31
Scale, 188058, 2, 0.20
Scale, 188158, 2, 0.20
Scale, 188258, 2, 0.20
Scale, 188358, 2, 0.20
Scale, 188458, 2, 0.20
Scale, 188558, 3, 0.31
Scale, 188658, 2, 0.20
Scale, 188758, 2, 0.20
Scale, 188858, 3, 0.31
Scale, 188958, 3, 0.31
Scale, 189058, 3, 0.31
Scale, 189158, 3, 0.31
Scale, 189258, 3, 0.31
Scale, 189358, 3, 0.31
Scale, 189458, 3, 0.31
Scale, 189558, 3, 0.31
Scale, 189658, 3, 0.31
Scale, 189758, 3, 0.31
Scale, 189858, 3, 0.31
Scale, 189958, 3, 0.31
Scale, 190058, 3, 0.31
Scale, 190158, 3, 0.31
Scale, 190258, 2, 0.20
Scale, 190358, 2, 0.20
Scale, 190458, 2, 0.20
Scale, 190558, 2, 0.20
Scale, 190658, 2, 0.20
Scale, 190758, 2, 0.20
Scale, 190858, 2, 0.20
Scale, 190958, 2, 0.20
Scale, 191058, 3, 0.31
Scale, 191158, 3, 0.31
Scale, 191258, 2, 0.20
Scale, 191358, 1, 0.10
Scale, 191458, 1, 0.10
Scale, 191558, 1, 0.10
Scale, 191658, 1, 0.10
Scale, 191758, 1, 0.10
Scale, 191858, 1, 0.10
Scale, 191958, 1, 0.10
Scale, 192058, 2, 0.20
Scale, 192158, 3, 0.31
Scale, 192258, 3, 0.31
Scale, 192358, 2, 0.20
Scale, 192458, 2, 0.20
Scale, 192558, 2, 0.20
Scale, 192658, 3, 0.31
Scale, 192758, 3, 0.31
Scale, 192858, 2, 0.20
Scale, 192958, 3, 0.31
Scale, 193058, 3, 0.31
Scale, 193158, 3, 0.31
Scale, 193258, 3, 0.31
Scale, 193358, 3, 0.31
Scale, 193458, 2, 0.20
Scale, 193558, 2, 0.20
Scale, 193658, 2, 0.20
Scale, 193758, 2, 0.20
Scale, 193858, 2, 0.20
Scale, 193958, 2, 0.20
Scale, 194058, 2, 0.20
Scale, 194158, 3, 0.31
Scale, 194258, 1, 0.10
Scale, 194358, 2, 0.20
Scale, 194458, 2, 0.20
Scale, 194558, 1, 0.10
Scale, 194658, 0, 0.00
Scale, 194758, 1, 0.10
Scale, 194858, 1, 0.10
Scale, 194958, 1, 0.10
Scale, 195058, 1, 0.10
Scale, 195158, 1, 0.10
Scale, 195258, 0, 0.00
Scale, 195358, 1, 0.10
Scale, 195458, 2, 0.20
Encoder, 195405, 2261
Scale, 195558, 3, 0.31
Scale, 195658, 4, 0.41
Scale, 195758, 6, 0.61
Scale, 195858, 1, 0.10
Scale, 195958, 0, 0.00
Scale, 196058, -1, -0.10
Scale, 196158, -1, -0.10
Scale, 196258, -2, -0.20
Scale, 196358, -2, -0.20
Scale, 196458, -1, -0.10
Scale, 196558, -1, -0.10
Scale, 196658, -1, -0.10
Scale, 196758, -2, -0.20
Scale, 196858, -2, -0.20
Scale, 196958, -2, -0.20
Scale, 197058, -2, -0.20
Scale, 197158, -2, -0.20
Scale, 197258, -2, -0.20
Scale, 197358, -2, -0.20
Scale, 197458, -2, -0.20
Scale, 197558, -2, -0.20
Scale, 197658, -2, -0.20
Scale, 197758, -2, -0.20
Scale, 197858, -2, -0.20
Scale, 197958, -2, -0.20
Scale, 198058, -2, -0.20
Scale, 198158, -2, -0.20
Scale, 198258, -2, -0.20
Scale, 198358, -1, -0.10
Scale, 198458, -2, -0.20
Scale, 198558, -2, -0.20
Scale, 198658, -2, -0.20
Scale, 198758, -2, -0.20
Scale, 198858, -1, -0.10
Scale, 198958, -2, -0.20
Scale, 199058, -2, -0.20
Scale, 199158, -2, -0.20
Scale, 199258, -2, -0.20
Scale, 199358, -2, -0.20
Scale, 199458, -2, -0.20
Scale, 199558, -2, -0.20
Scale, 199658, -1, -0.10
Scale, 199758, -2, -0.20
Scale, 199858, -2, -0.20
Scale, 199958, -2, -0.20
Scale, 200058, -2, -0.20
Scale, 200158, -2, -0.20
Scale, 200258, -2, -0.20
Scale, 200358, -2, -0.20
Scale, 200458, -2, -0.20
Scale, 200558, -2, -0.20
Scale, 200658, -2, -0.20
Scale, 200758, -2, -0.20
Scale, 200858, -2, -0.20
Scale, 200958, -2, -0.20
Scale, 201058, -2, -0.20
Scale, 201158, -2, -0.20
Scale, 201258, -2, -0.20
Scale, 201358, -2, -0.20
Scale, 201458, -2, -0.20
Scale, 201558, -2, -0.20
Scale, 201658, -2, -0.20
Scale, 201758, -2, -0.20
Scale, 201858, -2, -0.20
Scale, 201958, -2, -0.20
Scale, 202058, -2, -0.20
Scale, 202158, -2, -0.20
Scale, 202258, -2, -0.20
Scale, 202358, -2, -0.20
Scale, 202458, -2, -0.20
Scale, 202558, -2, -0.20
Scale, 202658, -2, -0.20
Scale, 202758, -2, -0.20
Scale, 202858, -2, -0.20
Scale, 202958, -2, -0.20
Scale, 203058, -2, -0.20
Scale, 203158, -2, -0.20
Scale, 203258, -2, -0.20
Scale, 203358, -2, -0.20
Scale, 203458, -2, -0.20
Scale, 203558, -2, -0.20
Scale, 203658, -2, -0.20
Scale, 203758, -2, -0.20
Scale, 203858, -2, -0.20
Scale, 203958, -2, -0.20
Scale, 204058, -2, -0.20
Scale, 204158, -2, -0.20
Scale, 204258, -2, -0.20
Scale, 204358, -2, -0.20
Scale, 204458, -2, -0.20
Scale, 204558, -2, -0.20
Scale, 204658, -2, -0.20
Scale, 204758, -2, -0.20
Scale, 204858, -2, -0.20
Scale, 204958, -2, -0.20
Scale, 205058, -2, -0.20
Scale, 205158, -2, -0.20
Scale, 205258, -2, -0.20
Scale, 205358, -2, -0.20
Scale, 205458, -2, -0.20
Scale, 205558, -2, -0.20
Scale, 205658, -2, -0.20
Scale, 205758, -2, -0.20
Scale, 205858, -2, -0.20
Scale, 205958, -2, -0.20
Scale, 206058, -2, -0.20
Scale, 206158, -2, -0.20
Scale, 206258, -2, -0.20
Scale, 206358, -2, -0.20
Scale, 206458, -2, -0.20
Scale, 206558, -2, -0.20
Scale, 206658, -2, -0.20
Scale, 206758, -2, -0.20
Scale, 206858, -2, -0.20
Scale, 206958, -2, -0.20
Scale, 207058, -2, -0.20
Scale, 207158, -2, -0.20
Scale, 207258, -2, -0.20
Scale, 207358, -2, -0.20
Scale, 207458, -2, -0.20
Scale, 207558, -2, -0.20
Scale, 207658, -2, -0.20
Scale, 207758, -2, -0.20
Scale, 207858, -2, -0.20
Scale, 207958, -2, -0.20
Scale, 208058, -2, -0.20
Scale, 208158, -2, -0.20
Scale, 208258, -2, -0.20
Scale, 208358, -2, -0.20
Scale, 208458, -2, -0.20
Scale, 208558, -2, -0.20
Scale, 208658, -2, -0.20
Scale, 208758, -2, -0.20
Scale, 208858, -2, -0.20
Scale, 208958, -2, -0.20
Scale, 209058, -2, -0.20
Scale, 209158, -2, -0.20
Scale, 209258, -2, -0.20
Scale, 209358, -2, -0.20
Scale, 209458, -2, -0.20
Scale, 209558, -2, -0.20
Scale, 209658, -2, -0.20
Scale, 209758, -2, -0.20
Scale, 209858, -2, -0.20
Scale, 209958, -2, -0.20
Scale, 210058, -2, -0.20
Scale, 210158, -2, -0.20
Scale, 210258, -2, -0.20
Scale, 210358, -2, -0.20
Scale, 210458, -2, -0.20
Scale, 210558, -2, -0.20
Scale, 210658, -2, -0.20
Scale, 210758, -2, -0.20
Scale, 210858, -2, -0.20
Scale, 210958, -2, -0.20
Scale, 211058, -2, -0.20
Scale, 211158, -2, -0.20
Scale, 211258, -2, -0.20
Scale, 211358, -2, -0.20
Scale, 211458, -2, -0.20
Scale, 211558, -2, -0.20
Scale, 211658, -2, -0.20
Scale, 211758, -2, -0.20
Scale, 211858, -2, -0.20
Scale, 211958, -2, -0.20
Scale, 212058, -2, -0.20
Scale, 212158, -2, -0.20
Scale, 212258, -2, -0.20
Scale, 212358, -2, -0.20
Scale, 212458, -2, -0.20
Scale, 212558, -2, -0.20
Scale, 212658, -2, -0.20
Scale, 212758, -2, -0.20
Scale, 212858, -2, -0.20
Scale, 212958, -2, -0.20
Scale, 213058, -2, -0.20
Scale, 213158, -2, -0.20
Scale, 213258, -2, -0.20
Scale, 213358, -2, -0.20
Scale, 213458, -2, -0.20
Scale, 213558, -2, -0.20
Scale, 213658, -2, -0.20
Scale, 213758, -2, -0.20
Scale, 213858, -2, -0.20
Scale, 213958, -2, -0.20
Scale, 214058, -2, -0.20
Scale, 214158, -2, -0.20
Scale, 214258, -2, -0.20
Scale, 214358, -2, -0.20
Scale, 214458, -1, -0.10
Scale, 214558, -1, -0.10
Scale, 214658, -2, -0.20
Scale, 214758, -2, -0.20
Scale, 214858, -1, -0.10
Scale, 214958, -1, -0.10
Scale, 215058, -2, -0.20
Scale, 215158, -2, -0.20
Scale, 215258, -1, -0.10
Scale, 215358, -1, -0.10
Scale, 215458, -1, -0.10
Scale, 215558, -1, -0.10
Scale, 215658, -1, -0.10
Scale, 215758, -1, -0.10
Scale, 215858, -1, -0.10
Scale, 215958, -1, -0.10
Scale, 216058, -2, -0.20
Scale, 216158, -1, -0.10
Scale, 216258, -1, -0.10
Scale, 216358, -1, -0.10
Scale, 216458, -1, -0.10
Scale, 216558, -2, -0.20
Scale, 216658, -1, -0.10
Scale, 216758, -2, -0.20
Scale, 216858, -2, -0.20
Scale, 216958, -2, -0.20
Scale, 217058, -2, -0.20
Scale, 217158, -2, -0.20
Scale, 217258, -2, -0.20
Scale, 217358, -2, -0.20
Scale, 217458, -2, -0.20
Scale, 217558, -2, -0.20
Scale, 217658, -2, -0.20
Scale, 217758, -1, -0.10
Scale, 217858, -1, -0.10
Scale, 217958, -1, -0.10
Scale, 218058, -1, -0.10
Scale, 218158, -1, -0.10
Scale, 218258, -1, -0.10
Scale, 218358, -1, -0.10
Scale, 218458, -1, -0.10
Scale, 218558, -1, -0.10
Scale, 218658, -1, -0.10
Scale, 218758, -1, -0.10
Scale, 218858, -1, -0.10
Scale, 218958, -1, -0.10
Scale, 219058, -1, -0.10
Scale, 219158, -2, -0.20
Scale, 219258, -1, -0.10
Scale, 219358, -1, -0.10
Scale, 219458, -1, -0.10
Scale, 219558, -1, -0.10
Scale, 219658, -1, -0.10
Scale, 219758, -2, -0.20
Scale, 219858, -2, -0.20
Scale, 219958, -2, -0.20
Scale, 220058, -2, -0.20
Scale, 220158, -2, -0.20
Scale, 220258, -2, -0.20
Scale, 220358, -2, -0.20
Scale, 220458, -2, -0.20
Scale, 220558, -2, -0.20
Scale, 220658, -2, -0.20
Scale, 220758, -2, -0.20
Scale, 220858, -2, -0.20
Scale, 220958, -2, -0.20
Scale, 221058, -2, -0.20
Scale, 221158, -2, -0.20
Scale, 221258, -2, -0.20
Scale, 221358, -2, -0.20
Scale, 221458, -2, -0.20
Scale, 221558, -2, -0.20
Scale, 221658, -2, -0.20
Scale, 221758, -2, -0.20
Scale, 221858, -2, -0.20
Scale, 221958, -2, -0.20
Scale, 222058, -2, -0.20
Scale, 222158, -2, -0.20
Scale, 222258, -2, -0.20
Scale, 222358, -2, -0.20
Scale, 222458, -2, -0.20
Scale, 222558, -2, -0.20
Scale, 222658, -2, -0.20
Scale, 222758, -2, -0.20
Scale, 222858, -2, -0.20
Scale, 222958, -2, -0.20
Scale, 223058, -2, -0.20
Scale, 223158, -2, -0.20
Scale, 223258, -2, -0.20
Scale, 223358, -2, -0.20
Scale, 223458, -2, -0.20
Scale, 223558, -2, -0.20
Scale, 223658, -2, -0.20
Scale, 223758, -2, -0.20
Scale, 223858, -2, -0.20
Scale, 223958, -2, -0.20
Scale, 224058, -2, -0.20
Scale, 224158, -2, -0.20
Scale, 224258, -2, -0.20
Scale, 224358, -2, -0.20
Scale, 224458, -2, -0.20
Scale, 224558, -2, -0.20
Scale, 224658, -2, -0.20
Scale, 224758, -2, -0.20
Scale, 224858, -2, -0.20
Scale, 224958, -2, -0.20
Scale, 225058, -2, -0.20
Scale, 225158, -2, -0.20
Scale, 225258, -2, -0.20
Scale, 225358, -2, -0.20
Scale, 225458, -2, -0.20
Scale, 225558, -2, -0.20
Scale, 225658, -2, -0.20
Scale, 225758, -2, -0.20
Scale, 225858, -2, -0.20
Scale, 225958, -2, -0.20
Scale, 226058, -1, -0.10
Scale, 226158, 0, 0.00
Scale, 226258, -1, -0.10
Scale, 226358, -1, -0.10
Scale, 226458, -1, -0.10
Scale, 226558, 0, 0.00
Scale, 226658, 0, 0.00
Scale, 226758, 0, 0.00
Scale, 226858, 0, 0.00
Scale, 226958, 0, 0.00
Scale, 227058, 0, 0.00
Scale, 227158, 0, 0.00
Scale, 227258, 0, 0.00
Scale, 227358, 0, 0.00
Scale, 227458, 0, 0.00
Scale, 227558, 0, 0.00
Scale, 227658, 0, 0.00
Scale, 227758, 0, 0.00
Scale, 227858, 0, 0.00
Scale, 227958, 0, 0.00
Scale, 228058, 0, 0.00
Scale, 228158, 0, 0.00
Scale, 228258, 0, 0.00
Scale, 228358, 0, 0.00
Scale, 228458, 0, 0.00
Scale, 228558, 0, 0.00
Scale, 228658, 0, 0.00
Scale, 228758, 0, 0.00
Scale, 228858, 0, 0.00
Scale, 228958, 0, 0.00
Scale, 229058, 0, 0.00
Scale, 229158, 0, 0.00
Scale, 229258, 0, 0.00
Scale, 229358, 0, 0.00
Scale, 229458, 0, 0.00
Scale, 229558, 0, 0.00
Scale, 229658, 0, 0.00
Scale, 229758, 0, 0.00
Scale, 229858, 0, 0.00
Scale, 229958, 0, 0.00
Scale, 230058, 0, 0.00
Scale, 230158, 1, 0.10
Scale, 230258, 1, 0.10
Scale, 230358, 1, 0.10
Scale, 230458, 0, 0.00
Scale, 230558, -1, -0.10
Scale, 230658, -1, -0.10
Scale, 230758, -1, -0.10
Scale, 230858, -1, -0.10
Scale, 230958, 0, 0.00
Scale, 231058, 0, 0.00
Scale, 231158, -1, -0.10
Scale, 231258, -1, -0.10
Scale, 231358, 0, 0.00
Scale, 231458, 0, 0.00
Scale, 231558, -1, -0.10
Scale, 231658, -1, -0.10
Scale, 231758, -1, -0.10
Scale, 231858, -1, -0.10
Scale, 231958, -1, -0.10
Scale, 232058, -1, -0.10
Scale, 232158, -1, -0.10
Scale, 232258, -2, -0.20
Scale, 232358, -2, -0.20
Scale, 232458, -1, -0.10
Scale, 232558, -1, -0.10
Scale, 232658, -1, -0.10
Scale, 232758, -1, -0.10
Scale, 232858, -1, -0.10
Scale, 232958, -1, -0.10
Scale, 233058, -1, -0.10
Scale, 233158, 0, 0.00
Scale, 233258, 0, 0.00
Scale, 233458, 0, 0.00
Scale, 233558, -1, -0.10
Scale, 233658, -1, -0.10
Scale, 233758, -1, -0.10
Scale, 233858, -2, -0.20
Scale, 233958, -2, -0.20
Scale, 234058, -1, -0.10
Scale, 234158, -1, -0.10
Scale, 234258, -1, -0.10
Scale, 234358, -2, -0.20
Scale, 234458, -2, -0.20
Scale, 234558, -2, -0.20
Scale, 234658, -1, -0.10
Scale, 234758, -1, -0.10
Scale, 234858, 0, 0.00
Scale, 234958, -1, -0.10
Scale, 235058, -1, -0.10
Scale, 235158, -1, -0.10
Scale, 235258, -1, -0.10
Scale, 235358, 0, 0.00
Scale, 235458, -1, -0.10
Scale, 235558, -1, -0.10
Scale, 235658, -1, -0.10
Scale, 235758, -1, -0.10
Scale, 235858, -1, -0.10
Scale, 235958, -2, -0.20
Scale, 236058, -2, -0.20
Scale, 236158, -3, -0.31
Scale, 236258, -3, -0.31
Scale, 236358, -2, -0.20
Scale, 236458, -2, -0.20
Scale, 236558, -2, -0.20
Scale, 236658, -3, -0.31
Scale, 236758, -3, -0.31
Scale, 236858, -3, -0.31
Scale, 236958, -3, -0.31
Scale, 237058, -3, -0.31
Scale, 237158, -3, -0.31
Scale, 237258, -3, -0.31
Scale, 237358, -2, -0.20
Scale, 237458, -2, -0.20
Scale, 237558, -2, -0.20
Scale, 237658, -2, -0.20
Scale, 237758, -3, -0.31
Scale, 237858, -3, -0.31
Scale, 237958, -3, -0.31
Scale, 238058, -3, -0.31
Scale, 238158, -3, -0.31
Scale, 238258, -3, -0.31
Scale, 238358, -3, -0.31
Scale, 238458, -3, -0.31
Scale, 238558, -3, -0.31
Scale, 238658, -3, -0.31
Scale, 238758, -3, -0.31
Scale, 238858, -2, -0.20
Scale, 238958, -2, -0.20
Scale, 239058, -1, -0.10
Scale, 239158, -2, -0.20
Scale, 239258, -3, -0.31
Scale, 239358, -3, -0.31
Scale, 239458, -3, -0.31
Scale, 239558, -3, -0.31
Scale, 239658, -4, -0.41
Scale, 239758, -5, -0.51
Scale, 239858, -5, -0.51
Scale, 239958, -5, -0.51
Scale, 240058, -5, -0.51
Scale, 240158, -4, -0.41
Scale, 240258, -4, -0.41
Scale, 240358, -5, -0.51
Scale, 240458, -6, -0.61
Scale, 240558, -8, -0.82
Scale, 240658, -10, -1.02
Scale, 240758, -6, -0.61
Scale, 240858, -3, -0.31
Scale, 240958, -3, -0.31
Scale, 241058, -3, -0.31
Scale, 241158, -3, -0.31
Scale, 241258, -4, -0.41
Scale, 241358, -4, -0.41
Scale, 241458, -4, -0.41
Scale, 241558, -4, -0.41
Scale, 241658, -3, -0.31
Scale, 241758, -6, -0.61
Scale, 241858, -5, -0.51
Scale, 241958, -6, -0.61
Scale, 242058, -6, -0.61
Scale, 242158, -5, -0.51
Scale, 242258, -4, -0.41
Scale, 242358, -5, -0.51
Scale, 242458, -6, -0.61
Scale, 242558, -6, -0.61
Scale, 242658, -6, -0.61
Scale, 242758, -4, -0.41
Scale, 242858, -4, -0.41
Scale, 242958, -5, -0.51
Scale, 243058, -6, -0.61
